HPP FUN
 1.0000000     0.0000000
 0.9953600     0.0007900
 0.9880800     0.0020300
 0.9803900     0.0033300
 0.9722500     0.0047200
 0.9636100     0.0061900
 0.9544400     0.0077500
 0.9446800     0.0094100
 0.9343100     0.0111800
 0.9233200     0.0130500
 0.9117400     0.0150200
 0.8996400     0.0170900
 0.8871300     0.0192200
 0.8743200     0.0214100
 0.8613100     0.0236300
 0.8482100     0.0258600
 0.8350300     0.0281100
 0.8218000     0.0303700
 0.8085100     0.0326400
 0.7951600     0.0349100
 0.7817500     0.0371900
 0.7683000     0.0394800
 0.7548200     0.0417700
 0.7413300     0.0440500
 0.7278500     0.0463300
 0.7143700     0.0486100
 0.7009200     0.0508700
 0.6874800     0.0531200
 0.6740700     0.0553600
 0.6606700     0.0575800
 0.6473000     0.0597900
 0.6339600     0.0619800
 0.6206600     0.0641500
 0.6073900     0.0663000
 0.5941700     0.0684200
 0.5809800     0.0705200
 0.5678500     0.0725800
 0.5547600     0.0746100
 0.5417300     0.0766100
 0.5287600     0.0785600
 0.5158500     0.0804700
 0.5030000     0.0823400
 0.4902200     0.0841500
 0.4775100     0.0859100
 0.4648600     0.0876200
 0.4522800     0.0892600
 0.4397800     0.0908400
 0.4273300     0.0923600
 0.4149600     0.0938000
 0.4026500     0.0951800
 0.3904000     0.0964800
 0.3782200     0.0977100
 0.3661200     0.0988600
 0.3540900     0.0999400
 0.3421600     0.1009300
 0.3303100     0.1018400
 0.3185800     0.1026600
 0.3069500     0.1033900
 0.2954500     0.1040300
 0.2840800     0.1045700
 0.2728700     0.1050100
 0.2618100     0.1053600
 0.2509400     0.1056000
 0.2402600     0.1057400
 0.2297900     0.1057700
 0.2195500     0.1057000
 0.2095500     0.1055200
 0.1998200     0.1052300
 0.1903500     0.1048400
 0.1811800     0.1043400
 0.1723000     0.1037500
 0.1637400     0.1030500
 0.1554800     0.1022600
 0.1475400     0.1013700
 0.1399200     0.1003900
 0.1326000     0.0993300
 0.1256000     0.0981900
 0.1189000     0.0969700
 0.1124900     0.0956700
 0.1063700     0.0943100
 0.1005200     0.0928700
 0.0949400     0.0913800
 0.0896200     0.0898300
 0.0845400     0.0882200
 0.0796900     0.0865500
 0.0750700     0.0848400
 0.0706600     0.0830700
 0.0664600     0.0812600
 0.0624600     0.0794100
 0.0586400     0.0775200
 0.0550100     0.0755900
 0.0515500     0.0736300
 0.0482500     0.0716300
 0.0451200     0.0696100
 0.0421400     0.0675700
 0.0393100     0.0655000
 0.0366200     0.0634200
 0.0340600     0.0613300
 0.0316400     0.0592300
 0.0293400     0.0571200
 0.0271700     0.0550200
 0.0251100     0.0529200
 0.0231500     0.0508200
 0.0213100     0.0487400
 0.0195700     0.0466700
 0.0179200     0.0446100
 0.0163700     0.0425700
 0.0149100     0.0405400
 0.0135300     0.0385400
 0.0122300     0.0365600
 0.0110200     0.0346000
 0.0098800     0.0326700
 0.0088200     0.0307600
 0.0078200     0.0288700
 0.0068900     0.0270100
 0.0060300     0.0251800
 0.0052300     0.0233700
 0.0045000     0.0215900
 0.0038200     0.0198300
 0.0032000     0.0181000
 0.0026400     0.0163900
 0.0021300     0.0147100
 0.0016700     0.0130600
 0.0012800     0.0114300
 0.0009300     0.0098200
 0.0006400     0.0082400
 0.0004000     0.0066900
 0.0002100     0.0051600
 0.0000800     0.0036500
 0.0000000     0.0021700
-0.0000100     0.0007000
 0.0000400    -0.0007600
 0.0001800    -0.0022200
 0.0004100    -0.0036900
 0.0007600    -0.0051400
 0.0013000    -0.0065700
 0.0020600    -0.0079000
 0.0030400    -0.0091200
 0.0042000    -0.0102400
 0.0054800    -0.0112700
 0.0068700    -0.0122300
 0.0083500    -0.0131500
 0.0099200    -0.0140200
 0.0115900    -0.0148600
 0.0133300    -0.0156900
 0.0151500    -0.0165400
 0.0170400    -0.0174300
 0.0190100    -0.0183600
 0.0210500    -0.0193300
 0.0231900    -0.0203300
 0.0254300    -0.0213700
 0.0277700    -0.0224500
 0.0302300    -0.0235700
 0.0328200    -0.0247200
 0.0355500    -0.0259300
 0.0384200    -0.0271800
 0.0414500    -0.0284800
 0.0446600    -0.0298300
 0.0480500    -0.0312500
 0.0516400    -0.0327300
 0.0554400    -0.0342700
 0.0594700    -0.0358800
 0.0637500    -0.0375600
 0.0682700    -0.0393100
 0.0730600    -0.0411200
 0.0781300    -0.0430000
 0.0834600    -0.0449200
 0.0890800    -0.0468800
 0.0949800    -0.0488500
 0.1011500    -0.0508200
 0.1076100    -0.0527600
 0.1143700    -0.0546500
 0.1214200    -0.0564900
 0.1288000    -0.0582700
 0.1364900    -0.0599900
 0.1445200    -0.0616500
 0.1528700    -0.0632700
 0.1615100    -0.0648400
 0.1704000    -0.0663300
 0.1795400    -0.0677500
 0.1889000    -0.0690700
 0.1984900    -0.0702800
 0.2083000    -0.0714000
 0.2183200    -0.0724200
 0.2285400    -0.0733500
 0.2389100    -0.0741800
 0.2494000    -0.0749200
 0.2600000    -0.0755500
 0.2706700    -0.0760800
 0.2814300    -0.0764900
 0.2922500    -0.0767900
 0.3031600    -0.0769800
 0.3141300    -0.0770500
 0.3251900    -0.0770000
 0.3363200    -0.0768500
 0.3475200    -0.0765800
 0.3588100    -0.0762000
 0.3701700    -0.0757100
 0.3816400    -0.0751100
 0.3932300    -0.0744100
 0.4049500    -0.0736000
 0.4168200    -0.0726900
 0.4288400    -0.0716900
 0.4410100    -0.0706000
 0.4533200    -0.0694400
 0.4657700    -0.0682100
 0.4783400    -0.0669000
 0.4910300    -0.0655400
 0.5038300    -0.0641200
 0.5167300    -0.0626600
 0.5297200    -0.0611500
 0.5427900    -0.0596000
 0.5559500    -0.0580100
 0.5691700    -0.0563900
 0.5824600    -0.0547500
 0.5958000    -0.0530800
 0.6092000    -0.0513800
 0.6226400    -0.0496700
 0.6361300    -0.0479500
 0.6496400    -0.0462100
 0.6631900    -0.0444600
 0.6767600    -0.0427000
 0.6903400    -0.0409400
 0.7039100    -0.0391700
 0.7174800    -0.0373900
 0.7310200    -0.0356100
 0.7445400    -0.0338400
 0.7580300    -0.0320600
 0.7714900    -0.0302900
 0.7849400    -0.0285100
 0.7983900    -0.0267300
 0.8118500    -0.0249500
 0.8253300    -0.0231600
 0.8388000    -0.0213800
 0.8521800    -0.0196000
 0.8654000    -0.0178500
 0.8783500    -0.0161300
 0.8909200    -0.0144600
 0.9030200    -0.0128600
 0.9145900    -0.0113200
 0.9255800    -0.0098600
 0.9360100    -0.0084800
 0.9458800    -0.0071700
 0.9552300    -0.0059300
 0.9640800    -0.0047600
 0.9724900    -0.0036500
 0.9804800    -0.0025900
 0.9880800    -0.0015800
 0.9953400    -0.0006200
 1.0000000     0.0000000
