R1V421mprodMK1_R1V2x_20.0
 1 0
 0.96069 0.0059322704690698645
 0.92312 0.01160514508112717
 0.88719 0.017029901916911585
 0.85283 0.0222178190571628
 0.81996 0.027168896501880802
 0.7885 0.03191696849328463
 0.75838 0.03646203503137428
 0.72951 0.04081537419688943
 0.70181 0.04499954215130942
 0.67521 0.04901453889463428
 0.64962 0.05289419866908301
 0.62497 0.05662724339391594
 0.60117 0.06023622923061244
 0.57815 0.06373243425991217
 0.55583 0.06712713656255483
 0.53413 0.07044289230001971
 0.51297 0.07367970147230689
 0.49227 0.076848842160156
 0.47195 0.07998414860578607
 0.45194 0.08307434272845747
 0.4322 0.08613070260890979
 0.41275 0.08911939400492408
 0.39361 0.0920404169165003
 0.37479 0.09485993710141943
 0.35633 0.09756667647894181
 0.33823 0.10013807888758806
 0.32051 0.1025628662466185
 0.3032 0.10480720431381414
 0.2863 0.10687109308917497
 0.26985 0.10872069833048192
 0.25386 0.11034474195699534
 0.23834 0.11172066780723588
 0.22332 0.11283719780046386
 0.20881 0.11366049769446025
 0.19484 0.11419056748922506
 0.18142 0.11439357294253923
 0.16857 0.11424695789292344
 0.15631 0.11375072234037767
 0.14465 0.1128710320426829
 0.13362 0.11160788699983913
 0.1232 0.10996128721184634
 0.11336 0.1079763450016633
 0.10409 0.10568689461150893
 0.09538 0.10309293604138332
 0.0872 0.10023958161424516
 0.07953 0.09714938749157377
 0.07236 0.09385618791558822
 0.06566 0.09037126096702819
 0.05942 0.08673971896885235
 0.05362 0.08297284000180037
 0.04824 0.07911573638883099
 0.04326 0.07516840812994419
 0.03866 0.07118724562883837
 0.03443 0.06718352696625318
 0.03054 0.06317980830366803
 0.02697 0.059209923883301874
 0.02372 0.05530770794737379
 0.02075 0.05148443857662344
 0.01805 0.04778522809400953
 0.0156 0.04421007649953207
 0.01339 0.04075898379319104
 0.01142 0.03742067189424679
 0.00965 0.03421769696417864
 0.00809 0.031138780922246947
 0.00671 0.028172645687712012
 0.00551 0.025330569341313527
 0.00447 0.022601273802311802
 0.00359 0.019996037151446516
 0.00283 0.017503581307978005
 0.0022 0.015123906271906252
 0.00168 0.012857012043231265
 0.00125 0.010691620541213368
 0.00091 0.00865028792733191
 0.00064 0.006710458040107548
 0.00043 0.004872130879540269
 0.00026 0.0031465845263697564
 0.00012 0.001522540899856334
 0 0
 0.00018 -0.0030789160419316974
 0.00067 -0.006123997841644364
 0.00147 -0.00914652347987768
 0.00258 -0.012146492956631644
 0.004 -0.015123906271906252
 0.00575 -0.018067485344961828
 0.00781 -0.020988508256538058
 0.0102 -0.02387569692589525
 0.01291 -0.026740329433773094
 0.01596 -0.029582405780171586
 0.01934 -0.032390647884351045
 0.02306 -0.03517633382705115
 0.02712 -0.037928185527532236
 0.03153 -0.040657481066533954
 0.03628 -0.04336422044405633
 0.04138 -0.04603712557935967
 0.04684 -0.04868747455318367
 0.05265 -0.05130398928478861
 0.05883 -0.053897947854914224
 0.06537 -0.0564580721828208
 0.07228 -0.05899564034924803
 0.07955 -0.061488096192716536
 0.0872 -0.06392416163248667
 0.09522 -0.06630383666855842
 0.10362 -0.06861584322019211
 0.11239 -0.07084890320664808
 0.12155 -0.07300301662792628
 0.13108 -0.07505562732254742
 0.141 -0.07700673529051147
 0.15131 -0.07885634053181843
 0.16201 -0.08057060880424927
 0.1731 -0.08216081818854365
 0.18458 -0.08361569060396191
 0.19646 -0.08491266988902474
 0.20873 -0.08606303412447174
 0.22141 -0.0870442271488236
 0.23449 -0.0878562489620803
 0.24797 -0.08847654340276254
 0.26186 -0.08890511047087023
 0.27615 -0.08914195016640343
 0.29081 -0.08918706248936215
 0.30581 -0.08905172552048603
 0.3211 -0.08873593925977508
 0.33665 -0.08826225986870866
 0.35243 -0.0876306873472868
 0.36838 -0.08686377785698879
 0.38448 -0.08595025331707497
 0.40069 -0.08491266988902474
 0.41697 -0.08376230565357773
 0.43328 -0.08249916061073395
 0.44958 -0.0811345128412331
 0.46584 -0.07967964042581482
 0.48202 -0.07814582144521881
 0.49809 -0.07654433398018473
 0.51399 -0.07488645611145228
 0.52971 -0.07316090975828175
 0.54519 -0.07140152916289222
 0.5604 -0.06960831432528365
 0.57531 -0.06779254332619572
 0.58998 -0.0659316600041491
 0.60458 -0.06402566435914375
 0.61926 -0.06202944406822102
 0.63419 -0.05994299913138085
 0.64953 -0.05772121722566457
 0.66545 -0.055352820270332496
 0.68212 -0.05280397402316559
 0.69969 -0.05006340040342419
 0.71834 -0.047097265168889256
 0.73823 -0.04388301215808144
 0.75951 -0.040398085209521394
 0.78237 -0.036631206242469426
 0.80695 -0.032537262933966846
 0.83343 -0.028104977203273956
 0.86196 -0.02331179288891143
 0.89273 -0.01812387574866021
 0.92588 -0.012529947701780645
 0.96158 -0.0064961745060536915
 1 0
