Ubat;accx1;accy1;accz1;Acc1_Temp;accx2;accy2;accz2;Acc2_Temp;Abs_Pressure;Vector_Temp;Pressure_I;Pressure_Kiel;Pressure_Lacet;Air_Temp_I;Air_Temp_KIEL;Air_Temp_Lacet;Time;latitude;longitude;altGPS;vitesseGPS;UTC_h;UTC_m;UTC_s;dateGPS;Probe
4.09;nan;nan;nan;25.00;nan;nan;nan;25.00;1.012352;22.83;0.0000;0.000;0.0000;0.00;0.00;0.00;380;0.000000;0.000000;0.00;0.00;0;0;0;09.2
4.07;5.914276;3.977755;7.173905;20.65;-5.909695;-3.954074;7.359341;20.17;1.012455;23.01;-1.1042;0.550;-1.3250;22.74;22.96;22.71;880;0.000000;0.000000;0.00;0.00;0;0;0;09.2
4.05;4.714120;4.673072;6.395486;20.65;-4.724544;-4.681900;6.513343;20.17;1.012434;23.07;-3.9208;-0.267;0.3208;22.83;23.06;22.86;1386;0.000000;0.000000;0.00;0.00;0;0;0;09.2
4.06;5.257867;6.704617;4.837563;20.65;-5.579069;-6.455338;5.209238;20.17;1.012425;23.11;-7.1250;0.583;2.3875;22.89;23.14;22.89;1892;0.000000;0.000000;0.00;0.00;0;0;0;09.2
4.06;3.019836;8.928733;1.254429;21.14;-3.096395;-8.987039;1.219366;20.17;1.012416;23.14;-7.9042;-4.233;5.7958;22.96;23.21;22.96;2394;0.000000;0.000000;0.00;0.00;0;0;0;09.2
4.06;2.790506;9.368390;0.305191;21.14;-2.867864;-9.326941;0.536316;20.17;1.012412;23.16;-9.0542;-6.633;-1.6542;22.95;23.25;22.99;2894;0.000000;0.000000;0.00;0.00;0;0;0;09.2
4.05;2.682775;9.346793;0.747340;20.65;-2.670904;-9.360409;0.878664;20.17;1.012399;23.17;-12.8375;-8.750;-5.2000;23.00;23.24;23.01;3397;0.000000;0.000000;0.00;0.00;0;0;0;09.2
4.06;2.696241;9.306394;1.046546;21.14;-2.773848;-9.328540;1.178118;20.17;1.012393;23.18;-14.0000;-12.483;-0.2250;23.02;23.25;23.05;3903;0.000000;0.000000;0.00;0.00;0;0;0;09.2
4.06;2.698286;9.334573;0.916370;21.14;-2.754745;-9.316119;1.106297;20.17;1.012391;23.19;-13.9583;-11.167;-1.7000;23.01;23.32;23.08;4410;0.000000;0.000000;0.00;0.00;0;0;0;09.2
4.06;2.745568;9.264747;1.142507;21.14;-2.796193;-9.275270;1.334031;20.17;1.012391;23.20;-12.9583;-10.167;-6.0292;23.02;23.31;23.10;4916;0.000000;0.000000;0.00;0.00;0;0;0;09.2
4.06;2.687912;9.191828;1.365552;21.14;-2.787763;-9.203898;1.474631;20.17;1.012397;23.21;-14.0708;-10.150;1.3250;23.08;23.32;23.09;5420;0.000000;0.000000;0.00;0.00;0;0;0;09.2
4.06;3.065173;9.011926;1.514232;21.14;-3.164576;-9.006738;1.583709;20.17;1.012401;23.21;-15.1042;-9.550;2.4875;23.09;23.35;23.11;5921;0.000000;0.000000;0.00;0.00;0;0;0;09.2
4.07;4.066631;8.669080;1.385852;21.14;-4.049973;-8.697457;1.620917;20.17;1.012415;23.22;-12.7958;-8.417;-7.2042;23.08;23.37;23.14;6424;0.000000;0.000000;0.00;0.00;0;0;0;09.2
4.06;4.694568;8.332616;2.227457;21.14;-4.817862;-8.315159;2.396437;20.17;1.012418;23.22;-15.4375;-7.800;-1.3792;23.10;23.37;23.17;6931;0.000000;0.000000;0.00;0.00;0;0;0;09.2
4.06;5.208790;7.896051;2.445066;21.14;-5.251782;-7.873110;2.553047;20.17;1.012420;23.23;-16.0833;-8.417;-3.0458;23.12;23.38;23.17;7437;0.000000;0.000000;0.00;0.00;0;0;0;09.2
4.07;5.734673;7.463172;2.466548;21.14;-5.795679;-7.443251;2.615577;20.17;1.012425;23.23;-15.7167;-6.383;-0.6708;23.15;23.42;23.16;7941;0.000000;0.000000;0.00;0.00;0;0;0;09.2
4.06;6.259325;7.070108;2.328855;21.14;-6.307356;-7.027164;2.509506;20.17;1.012425;23.23;-23.8667;-9.117;-1.4583;23.15;23.43;23.18;8443;0.000000;0.000000;0.00;0.00;0;0;0;09.2
4.06;6.955393;6.742622;2.256785;21.14;-7.001230;-6.688108;2.417784;20.17;1.012428;23.24;-14.6500;-5.000;2.0458;23.17;23.46;23.22;8950;0.000000;0.000000;0.00;0.00;0;0;0;09.2
4.06;7.317393;6.476742;1.640817;21.14;-7.369720;-6.430485;1.794976;20.17;1.012429;23.24;-13.6625;-2.833;5.1917;23.14;23.44;23.22;9450;0.000000;0.000000;0.00;0.00;0;0;0;09.2
4.07;7.234348;6.529204;1.136821;21.14;-7.247965;-6.451546;1.284703;20.17;1.012427;23.24;-14.9792;-4.367;3.9375;23.18;23.46;23.25;9956;0.000000;0.000000;0.00;0.00;0;0;0;09.2
4.05;6.664965;6.907961;1.361712;21.14;-6.751201;-6.880430;1.489195;20.17;1.012432;23.25;-18.8083;-6.533;4.0000;23.17;23.48;23.25;10460;0.000000;0.000000;0.00;0.00;0;0;0;09.2
4.05;6.029547;7.287567;0.633923;21.14;-6.168900;-7.204274;0.437511;20.17;1.012432;23.25;-18.4167;-6.133;5.3083;23.20;23.49;23.27;10969;0.000000;0.000000;0.00;0.00;0;0;0;09.2
4.05;6.721127;7.201181;-0.209229;21.14;-6.742872;-7.126816;0.050923;20.17;1.012435;23.26;-19.9583;-7.517;1.9750;23.22;23.50;23.26;11471;0.000000;0.000000;0.00;0.00;0;0;0;09.2
4.06;6.566775;7.169645;0.394675;21.14;-6.602299;-7.151349;0.496123;20.17;1.012438;23.26;-18.0958;-7.717;1.3750;23.16;23.51;23.28;11979;0.000000;0.000000;0.00;0.00;0;0;0;09.2
4.05;6.281918;7.520836;0.912130;21.14;-6.373641;-7.456047;0.908340;20.17;1.012437;23.26;-18.8917;-8.383;3.1292;23.23;23.53;23.33;12480;0.000000;0.000000;0.00;0.00;12;49;7;09.2
4.05;6.187304;7.444876;0.920210;21.14;-6.289750;-7.454351;1.155126;20.17;1.012429;23.26;-20.4833;-8.850;1.2458;23.26;23.54;23.31;12984;0.000000;0.000000;0.00;0.00;12;49;7;09.2
4.07;5.721961;7.891613;0.699958;21.14;-5.957826;-7.848820;0.740906;20.17;1.012423;23.26;-17.5375;-9.500;0.9583;23.28;23.54;23.33;13487;0.000000;0.000000;0.00;0.00;12;49;8;09.2
4.05;5.106544;8.194510;0.282447;21.14;-5.155372;-8.106678;0.497761;20.17;1.012424;23.27;-8.7917;-6.133;0.1458;23.22;23.56;23.34;13987;0.000000;0.000000;0.00;0.00;12;49;8;09.2
4.05;4.613770;8.509227;0.981956;21.14;-4.852675;-8.520650;1.054825;20.17;1.012418;23.27;8.5083;-5.067;-1.1167;23.27;23.58;23.31;14489;0.000000;0.000000;0.00;0.00;12;49;8;09.2
4.05;4.140497;8.679453;0.474569;21.14;-4.255062;-8.648930;0.593573;20.17;1.012410;23.27;7.0708;-2.567;1.9542;23.28;23.58;23.37;14992;0.000000;0.000000;0.00;0.00;12;49;10;09.2
4.05;3.488271;8.861301;0.581403;21.14;-3.588322;-8.857659;0.742303;20.17;1.012400;23.27;-3.5792;-6.200;-0.9833;23.30;23.59;23.42;15494;0.000000;0.000000;0.00;0.00;12;49;11;09.2
4.05;3.354902;9.062402;0.793326;21.14;-3.364378;-9.217912;0.930535;20.17;1.012390;23.28;-8.8083;-7.117;-0.1667;23.33;23.59;23.40;15994;0.000000;0.000000;0.00;0.00;12;49;11;09.2
4.05;3.355700;9.127488;0.907193;21.14;-3.412010;-9.119607;1.019962;20.17;1.012391;23.28;-7.1625;-6.350;0.1333;23.27;23.58;23.38;16499;0.000000;0.000000;0.00;0.00;12;49;12;09.2
4.05;4.465061;9.057861;0.550673;21.14;-4.549237;-9.042001;0.721462;20.17;1.012390;23.28;-0.6708;-3.567;-0.1750;23.27;23.59;23.40;16999;0.000000;0.000000;0.00;0.00;12;49;12;09.2
4.05;2.513147;9.175319;0.666392;21.14;-2.556439;-9.152575;0.788488;20.17;1.012387;23.28;-5.3917;-9.350;0.5000;23.34;23.64;23.42;17505;0.000000;0.000000;0.00;0.00;12;49;13;09.2
4.06;2.113990;9.277715;0.132620;21.14;-2.266161;-9.279710;0.272871;20.17;1.012381;23.29;-9.3458;-5.667;4.7875;23.31;23.61;23.46;18005;0.000000;0.000000;0.00;0.00;12;49;13;09.2
4.06;2.623187;9.292264;0.284677;21.14;-2.736220;-9.282645;0.447173;20.17;1.012375;23.29;-11.1000;-7.733;1.9583;23.34;23.62;23.45;18507;0.000000;0.000000;0.00;0.00;12;49;14;09.2
4.05;3.202531;9.340210;0.392424;21.14;-3.262682;-9.343700;0.510979;20.17;1.012376;23.29;-4.8042;-3.933;3.6750;23.34;23.63;23.43;19012;0.000000;0.000000;0.00;0.00;12;49;14;09.2
4.07;3.390264;9.121402;0.183444;21.14;-3.461038;-9.088836;0.307285;20.17;1.012382;23.29;-3.1708;-7.233;-0.6750;23.35;23.65;23.44;19514;0.000000;0.000000;0.00;0.00;12;49;15;09.2
4.05;3.125423;9.307738;-0.009826;21.14;-3.334403;-9.369287;0.135214;20.17;1.012383;23.30;-11.8375;-5.950;3.7583;23.33;23.65;23.45;20014;0.000000;0.000000;0.00;0.00;12;49;15;09.2
4.06;2.293942;9.427940;0.030025;21.14;-2.619282;-9.472529;0.182496;20.17;1.012385;23.30;-10.2917;-10.617;5.6958;23.35;23.66;23.47;20519;0.000000;0.000000;0.00;0.00;12;49;16;09.2
4.06;1.735531;9.332628;0.220551;21.14;-2.081770;-9.360709;0.352473;20.17;1.012383;23.30;-11.5083;-8.817;4.8708;23.33;23.68;23.50;21020;0.000000;0.000000;0.00;0.00;12;49;16;09.2
4.05;1.340814;9.573778;0.255963;21.14;-1.706404;-9.585797;0.397012;20.17;1.012378;23.30;-12.2625;-12.283;0.3833;23.37;23.67;23.53;21522;0.000000;0.000000;0.00;0.00;12;49;17;09.2
4.05;1.493733;9.775578;0.307635;21.14;-1.491938;-9.743455;0.409830;20.17;1.012382;23.31;-8.6000;-5.800;0.6000;23.37;23.69;23.55;22025;0.000000;0.000000;0.00;0.00;12;49;17;09.2
4.05;1.148442;9.658566;0.379655;21.14;-1.125001;-9.634177;0.515717;20.17;1.012386;23.31;-5.7708;-6.650;3.0042;23.36;23.69;23.50;22527;0.000000;0.000000;0.00;0.00;12;49;18;09.2
4.05;1.044202;9.708494;0.201299;21.14;-1.139016;-9.720364;0.301600;20.17;1.012389;23.31;-5.1042;-7.050;1.9667;23.39;23.71;23.55;23028;0.000000;0.000000;0.00;0.00;12;49;18;09.2
4.05;0.868838;9.533828;0.634771;21.14;-0.955622;-9.546296;0.799560;20.17;1.012386;23.31;-8.4375;-7.733;-2.5792;23.39;23.68;23.56;23532;0.000000;0.000000;0.00;0.00;12;49;19;09.2
4.05;1.026695;9.795725;0.296213;21.14;-1.126098;-9.739066;0.470729;20.17;1.012385;23.32;-5.2250;-5.917;1.0750;23.42;23.69;23.56;24033;0.000000;0.000000;0.00;0.00;12;49;19;09.2
4.05;1.005897;9.675923;0.281450;21.14;-1.105200;-9.682208;0.399755;20.17;1.012383;23.32;-6.6167;-9.267;-0.4083;23.42;23.72;23.55;24536;0.000000;0.000000;0.00;0.00;12;49;20;09.2
4.05;0.978693;9.681510;0.384586;21.14;-1.078217;-9.687367;0.536950;20.17;1.012380;23.32;-7.3333;-10.000;-1.7542;23.42;23.71;23.57;25040;0.000000;0.000000;0.00;0.00;12;49;20;09.2
4.05;0.822005;9.719316;0.071771;21.14;-0.933826;-9.728942;0.194566;20.17;1.012376;23.32;-5.2958;-10.583;0.1875;23.42;23.69;23.59;25544;0.000000;0.000000;0.00;0.00;12;49;21;09.2
4.05;1.055723;9.603702;0.322398;21.14;-1.155126;-9.618318;0.433671;20.17;1.012379;23.32;-7.8958;-12.017;-0.0958;23.43;23.74;23.57;26045;0.000000;0.000000;0.00;0.00;12;49;21;09.2
4.05;1.087964;9.686170;0.404465;21.14;-1.175005;-9.700022;0.542251;20.17;1.012379;23.33;-6.0417;-12.450;-10.0333;23.42;23.75;23.58;26550;0.000000;0.000000;0.00;0.00;12;49;22;09.2
4.05;0.914475;9.828494;0.266437;21.14;-1.020760;-9.833981;0.408035;20.17;1.012375;23.33;-8.7792;-11.217;1.0500;23.45;23.74;23.62;27053;0.000000;0.000000;0.00;0.00;12;49;22;09.2
4.05;0.661504;9.567893;0.424693;21.14;-0.802603;-9.582456;0.517013;20.17;1.012366;23.33;-9.9792;-12.067;5.8208;23.42;23.76;23.60;27555;0.000000;0.000000;0.00;0.00;12;49;23;09.2
4.05;1.304240;9.589724;0.557555;21.14;-1.486273;-9.561038;0.742624;20.17;1.012360;23.33;-8.0000;-12.633;-6.1583;23.44;23.77;23.63;28059;0.000000;0.000000;0.00;0.00;12;49;23;09.2
4.06;1.684608;9.815627;0.557014;21.14;-1.738823;-9.904655;0.669933;20.17;1.012354;23.34;-15.8083;-17.133;1.1833;23.46;23.76;23.63;28563;0.000000;0.000000;0.00;0.00;12;49;24;09.2
4.05;1.003204;9.760564;0.499856;21.14;-1.048740;-9.744303;0.587588;20.17;1.012355;23.34;-11.6292;-12.933;2.5458;23.40;23.78;23.64;29067;0.000000;0.000000;0.00;0.00;12;49;24;09.2
4.05;1.435428;9.502206;0.335066;21.14;-1.475578;-9.631185;0.481502;20.17;1.012355;23.34;-13.0167;-15.200;-3.4667;23.43;23.73;23.65;29570;0.000000;0.000000;0.00;0.00;12;49;25;09.2
4.05;1.818126;9.493876;0.324742;21.14;-1.949150;-9.610986;0.419257;20.17;1.012360;23.34;-13.6500;-12.733;1.5458;23.43;23.76;23.65;30072;0.000000;0.000000;0.00;0.00;12;49;25;09.2
4.06;2.687114;9.752434;0.056908;21.14;-2.787414;-9.700513;0.307684;20.17;1.012362;23.35;-18.9208;-12.450;4.1292;23.42;23.80;23.66;30577;0.000000;0.000000;0.00;0.00;12;49;26;09.2
4.05;2.962130;9.506396;-0.434968;21.14;-3.054051;-9.542056;-0.204441;20.17;1.012360;23.35;-18.3917;-14.517;-4.3625;23.48;23.79;23.67;31079;0.000000;0.000000;0.00;0.00;12;49;26;09.2
4.05;1.903478;9.798862;0.259412;21.14;-2.064820;-9.720883;0.379456;20.17;1.012348;23.35;-12.8875;-18.317;3.5833;23.45;23.79;23.65;31581;0.000000;0.000000;0.00;0.00;12;49;27;09.2
4.05;1.718025;9.527393;0.217010;21.14;-1.820321;-9.538465;0.312423;20.17;1.012343;23.35;-15.9083;-13.967;9.8292;23.49;23.79;23.72;32087;0.000000;0.000000;0.00;0.00;12;49;27;09.2
4.05;1.933090;9.195720;0.227484;21.14;-2.092593;-9.243201;0.408583;20.17;1.012346;23.35;-9.7625;-14.150;-7.2000;23.42;23.83;23.72;32589;0.000000;0.000000;0.00;0.00;12;49;28;09.2
4.05;1.404491;9.877649;0.656353;21.14;-1.577674;-9.853966;0.758869;20.17;1.012345;23.36;-14.5458;-13.483;0.7375;23.46;23.83;23.71;33091;0.000000;0.000000;0.00;0.00;12;49;28;09.2
4.05;0.944500;9.635324;0.689983;21.14;-1.091335;-9.617369;0.801855;20.17;1.012350;23.36;-13.4625;-15.100;2.5792;23.48;23.83;23.73;33597;0.000000;0.000000;0.00;0.00;12;49;29;09.2
4.05;1.342460;9.683604;0.418608;21.14;-1.434880;-9.737471;0.556715;20.17;1.012345;23.36;-5.5625;-12.150;0.4583;23.47;23.82;23.71;34099;0.000000;0.000000;0.00;0.00;12;49;29;09.2
4.05;0.636516;10.086446;0.342733;21.14;-0.764084;-10.053569;0.490437;20.17;1.012345;23.36;-11.0333;-15.800;-1.1250;23.48;23.81;23.70;34601;0.000000;0.000000;0.00;0.00;12;49;30;09.2
4.05;0.664995;9.728093;0.357461;21.14;-0.856968;-9.713632;0.446339;20.17;1.012333;23.36;-11.6833;-15.033;10.5500;23.48;23.84;23.75;35108;0.000000;0.000000;0.00;0.00;12;49;30;09.2
4.06;1.227645;9.636422;0.502450;21.14;-1.258967;-9.772933;0.617713;20.17;1.012330;23.36;-5.9375;-15.700;0.7042;23.49;23.84;23.73;35610;0.000000;0.000000;0.00;0.00;12;49;31;09.2
4.05;0.499258;10.099072;0.189030;21.14;-0.609035;-10.155680;0.236063;20.17;1.012323;23.37;-12.5833;-15.683;1.4917;23.51;23.84;23.75;36113;0.000000;0.000000;0.00;0.00;12;49;31;09.2
4.05;0.730083;9.758718;0.138605;21.14;-0.990984;-9.719913;0.161897;20.17;1.012318;23.37;-11.4917;-14.617;12.3125;23.51;23.86;23.74;36619;0.000000;0.000000;0.00;0.00;12;49;32;09.2
4.06;1.412086;9.656123;-0.111223;21.14;-1.476426;-9.642257;0.198805;20.17;1.012316;23.37;-13.3583;-16.950;-2.0167;23.51;23.84;23.75;37121;0.000000;0.000000;0.00;0.00;12;49;32;09.2
4.05;0.690033;10.086003;0.122346;21.14;-0.855771;-10.051539;0.274966;20.17;1.012318;23.37;-10.7458;-15.700;-10.9708;23.50;23.86;23.77;37624;0.000000;0.000000;0.00;0.00;12;49;33;09.2
4.05;0.840259;9.807897;0.001047;21.14;-1.133031;-9.787297;-0.074664;20.17;1.012315;23.38;-10.2208;-3.700;10.0417;23.53;23.83;23.78;38130;0.000000;0.000000;0.00;0.00;12;49;33;09.2
4.05;0.824399;9.774179;0.360603;21.14;-1.095524;-9.682359;0.561603;20.17;1.012323;23.38;-15.3833;-10.533;-2.0875;23.53;23.84;23.75;38633;0.000000;0.000000;0.00;0.00;12;49;34;09.2
4.05;0.556565;10.061713;0.247185;21.14;-0.742951;-10.072186;0.349081;20.17;1.012326;23.38;-9.0250;-14.150;-3.8500;23.53;23.87;23.75;39139;0.000000;0.000000;0.00;0.00;12;49;34;09.2
4.04;1.294279;9.598466;0.354767;21.14;-1.827054;-9.596520;0.399955;20.17;1.012333;23.38;-9.3583;-11.767;2.5875;23.51;23.85;23.76;39642;0.000000;0.000000;0.00;0.00;12;49;35;09.2
4.04;1.188443;9.812036;0.495018;21.14;-1.380814;-9.813531;0.610730;20.17;1.012335;23.38;-8.7208;-12.833;0.7333;23.51;23.83;23.78;40145;0.000000;0.000000;0.00;0.00;12;49;35;09.2
4.05;1.228101;9.919119;0.731209;21.14;-1.341049;-9.921899;0.859675;20.17;1.012346;23.38;-13.6542;-12.300;-4.7292;23.53;23.87;23.81;40650;0.000000;0.000000;0.00;0.00;12;49;36;09.2
4.05;1.713985;9.715325;0.514669;21.14;-1.864810;-9.732184;0.597114;20.17;1.012352;23.38;-13.5125;-12.800;7.4417;23.52;23.87;23.78;41155;0.000000;0.000000;0.00;0.00;12;49;36;1010249.2
4.05;1.312933;9.631885;0.665694;21.14;-1.423109;-9.641459;0.823152;20.17;1.012357;23.39;-4.5208;-9.767;-3.2542;23.56;23.91;23.83;41657;0.000000;0.000000;0.00;0.00;12;49;37;1010249.2
4.05;0.835820;9.930875;0.822867;21.14;-1.011227;-9.858370;0.960054;20.17;1.012349;23.39;-10.7208;-12.333;-9.6250;23.55;23.92;23.84;42163;0.000000;0.000000;0.00;0.00;12;49;37;1010249.2
4.05;0.740607;9.588192;0.802004;21.14;-0.947393;-9.708693;0.784199;20.17;1.012345;23.39;-16.2333;-12.300;7.7375;23.49;23.87;23.83;42667;0.000000;0.000000;0.00;0.00;12;49;38;1010249.2
4.06;1.724609;10.070842;0.346588;21.14;-1.696429;-10.006103;0.557263;20.17;1.012346;23.39;-5.9250;-14.200;4.2375;23.53;23.90;23.83;43170;0.000000;0.000000;0.00;0.00;12;49;38;1010249.2
4.05;1.743462;9.313874;0.409830;21.14;-1.800420;-9.337615;0.570730;20.17;1.012336;23.39;-6.6125;-4.167;0.9708;23.53;23.87;23.83;43676;0.000000;0.000000;0.00;0.00;12;49;39;1010249.2
4.05;2.328357;9.876125;0.606192;21.14;-2.916892;-9.691786;0.854574;20.17;1.012322;23.40;-20.3208;-11.333;15.2042;23.53;23.86;23.86;44180;0.000000;0.000000;0.00;0.00;12;49;39;1010249.2
4.05;1.257072;9.213974;1.759671;21.14;-0.973627;-9.371331;1.950147;20.17;1.012307;23.40;0.9083;1.433;0.0750;23.52;23.87;23.82;44682;0.000000;0.000000;0.00;0.00;12;49;40;1010249.2
4.05;2.240076;8.538503;3.813411;21.14;-2.320775;-8.553717;3.966729;20.17;1.012306;23.40;-2.8542;8.500;6.4167;23.54;23.89;23.81;45189;0.000000;0.000000;0.00;0.00;12;49;40;1010249.2
4.05;3.242033;8.292466;3.893113;21.14;-3.368069;-8.255457;4.154712;20.17;1.012307;23.40;-8.4667;6.300;11.0042;23.58;23.87;23.81;45692;0.000000;0.000000;0.00;0.00;12;49;41;1010249.2
4.05;3.539294;8.131417;4.387283;21.14;-3.612062;-8.133312;4.529081;20.17;1.012307;23.40;-9.4250;4.667;10.0167;23.57;23.92;23.84;46200;0.000000;0.000000;0.00;0.00;12;49;41;1010249.2
4.05;3.402434;8.109422;4.019598;21.14;-3.465926;-8.107876;4.185336;20.17;1.012307;23.40;-7.1458;6.883;9.0000;23.57;23.91;23.87;46702;0.000000;0.000000;0.00;0.00;12;49;42;1010249.2
4.04;3.488569;8.024981;4.152867;21.14;-3.547074;-8.016204;4.353617;20.17;1.012299;23.40;-5.5375;6.783;6.6333;23.58;23.91;23.84;47207;0.000000;0.000000;0.00;0.00;12;49;42;1010249.2
4.05;3.605229;7.954358;4.488681;21.14;-3.673460;-7.952013;4.639455;20.17;1.012301;23.41;-4.0333;7.100;5.3000;23.58;23.90;23.89;47713;0.000000;0.000000;0.00;0.00;12;49;43;1010249.2
4.05;3.404800;8.000506;4.432955;21.14;-3.471747;-7.997385;4.570869;20.17;1.012300;23.41;-5.0250;6.367;6.3208;23.58;23.90;23.89;48217;0.000000;0.000000;0.00;0.00;12;49;43;1010249.2
4.05;3.138441;8.070969;4.233915;21.14;-3.197145;-8.070916;4.374815;20.17;1.012291;23.41;-5.8083;8.367;9.0792;23.57;23.90;23.86;48721;0.000000;0.000000;0.00;0.00;12;49;44;1010249.2
4.05;3.412509;8.256106;3.690816;21.14;-3.494455;-8.250121;3.806129;20.17;1.012302;23.41;-12.0958;0.550;11.9917;23.58;23.92;23.89;49229;0.000000;0.000000;0.00;0.00;12;49;44;1010249.2
4.04;4.202187;8.623384;2.262200;21.14;-4.269305;-8.604489;2.425849;20.17;1.012309;23.41;-20.2375;-4.583;14.2000;23.57;23.92;23.91;49731;0.000000;0.000000;0.00;0.00;12;49;45;1010249.2
4.05;3.631763;8.640699;2.169452;21.14;-3.727077;-8.630275;2.323369;20.17;1.012316;23.41;-17.0500;-4.950;11.7708;23.58;23.90;23.92;50236;0.000000;0.000000;0.00;0.00;12;49;45;1010249.2
4.05;3.962740;8.668729;2.266860;21.14;-4.032366;-8.655462;2.379479;20.17;1.012327;23.41;-13.7792;-6.333;9.5167;23.60;23.94;23.86;50741;44.659103;-1.194316;39.00;0.00;12;49;46;1010249.2
4.05;3.657898;8.957262;1.683511;21.14;-3.836055;-8.873521;1.828999;20.17;1.012334;23.41;-12.3208;-7.883;9.0792;23.56;23.94;23.89;51250;44.659103;-1.194316;39.00;0.00;12;49;46;1010249.2
4.05;3.172356;9.012574;0.778912;21.14;-3.232706;-9.020655;0.848140;20.17;1.012343;23.42;-10.1167;-3.033;10.2208;23.57;23.91;23.93;51750;44.659103;-1.194317;39.00;0.00;12;49;47;1010249.2
4.06;3.367349;9.133060;0.276127;21.14;-3.472431;-9.115319;0.410023;20.17;1.012336;23.42;-9.1292;-3.567;7.8750;23.57;23.92;23.94;52255;44.659103;-1.194317;39.00;0.00;12;49;47;1010249.2
4.05;3.489317;9.086740;0.000998;21.14;-3.590765;-9.074670;0.095662;20.17;1.012327;23.42;-18.3750;-13.233;15.7167;23.59;23.93;23.91;52756;44.659107;-1.194318;38.80;0.00;12;49;48;1010249.2
4.07;3.477198;9.060455;-0.324193;21.14;-3.551562;-9.044595;-0.188331;20.17;1.012319;23.42;-21.9292;-16.683;18.6792;23.58;23.89;23.95;53262;44.659107;-1.194318;38.80;0.00;12;49;48;1010249.2
4.05;3.621339;9.082202;-0.431526;21.14;-3.687125;-9.066590;-0.292173;20.17;1.012312;23.42;-24.6458;-15.733;17.4833;23.61;23.92;23.90;53764;44.659103;-1.194320;39.00;0.00;12;49;49;1010249.2
4.05;3.559443;9.045641;-0.406638;21.14;-3.658397;-9.028884;-0.308383;20.17;1.012310;23.42;-20.7000;-17.467;20.2417;23.58;23.92;23.90;54266;44.659103;-1.194320;39.00;0.00;12;49;49;1010249.2
4.05;3.343930;9.094521;-0.348982;21.14;-3.547573;-9.054520;-0.194566;20.17;1.012311;23.42;-24.7625;-18.117;10.2375;23.58;23.96;23.92;54769;44.659103;-1.194322;39.40;0.00;12;49;50;1010249.2
4.05;3.891417;8.667783;0.747091;21.14;-4.008226;-8.685388;0.755869;20.17;1.012322;23.42;-7.8875;3.400;14.0125;23.58;23.91;23.94;55273;44.659103;-1.194322;39.40;0.00;12;49;50;1010249.2
4.05;4.258952;8.199448;2.706216;21.14;-4.353817;-8.205034;2.820881;20.17;1.012321;23.42;-0.6042;4.650;2.9250;23.64;23.92;23.93;55774;44.659088;-1.194345;42.70;0.00;12;49;51;1010249.2
4.05;2.906368;7.596200;5.382059;21.14;-2.666764;-7.610114;5.783659;20.17;1.012320;23.42;2.1375;-1.150;-1.0208;23.58;23.93;23.94;56282;44.659088;-1.194345;42.70;0.00;12;49;51;1010249.2
4.05;1.491987;7.729118;5.250585;21.14;-1.567749;-7.748970;5.393878;20.17;1.012327;23.42;2.0458;-0.600;-0.4708;23.59;23.94;23.93;56784;44.659084;-1.194346;43.60;0.00;12;49;52;1010249.2
4.05;1.974316;7.869732;2.857076;21.14;-2.117873;-7.850751;3.067496;20.17;1.012331;23.43;1.5292;-0.717;-0.8625;23.60;23.92;23.96;57288;44.659084;-1.194346;43.60;0.00;12;49;52;1010249.2
4.05;0.448983;7.264423;4.845742;21.14;-0.662402;-7.322380;5.022602;20.17;1.012331;23.43;1.7042;0.983;-0.7625;23.55;23.96;23.94;57794;44.659081;-1.194351;44.20;0.00;12;49;53;1010249.2
4.05;4.243790;7.714005;3.689719;21.14;-4.576961;-6.673969;3.133603;20.17;1.012343;23.43;1.4375;1.467;-0.4000;23.58;23.92;23.94;58298;44.659081;-1.194351;44.20;0.00;12;49;53;1010249.2
4.05;0.549775;7.350610;-0.079559;21.14;-0.809593;-7.657731;0.109271;20.17;1.012342;23.43;-3.2542;1.667;4.6042;23.61;23.95;23.95;58802;44.659081;-1.194353;44.70;0.00;12;49;54;1010249.2
4.04;3.396050;7.618742;5.307145;21.14;-3.626875;-7.582632;5.340162;20.17;1.012336;23.43;-0.9792;4.667;2.9167;23.61;23.92;23.95;59308;44.659081;-1.194353;44.70;0.00;12;49;54;1010249.2
4.05;4.485240;8.248674;2.097780;21.14;-4.618857;-8.270520;2.396238;20.17;1.012331;23.43;-8.3042;6.250;9.6750;23.60;23.95;23.94;59809;44.659077;-1.194352;45.20;0.00;12;49;55;1010249.2
4.05;2.535790;8.496060;4.225735;21.14;-3.016743;-8.477954;4.609481;20.17;1.012346;23.43;-0.3208;2.783;1.7792;23.61;23.96;23.96;60317;44.659077;-1.194352;45.20;0.00;12;49;55;1010249.2
4.05;4.073364;7.364825;3.833062;21.14;-4.117255;-7.373302;3.687324;20.17;1.012354;23.43;1.9417;-1.000;5.8833;23.61;23.93;23.96;60819;44.659077;-1.194352;45.30;0.00;12;49;56;1010249.2
4.05;3.962440;7.775103;3.543732;21.14;-3.728971;-7.732809;3.489367;20.17;1.012359;23.43;0.2750;1.717;1.7833;23.63;23.95;23.96;61323;44.659077;-1.194352;45.30;0.00;12;49;56;1010249.2
4.05;3.759196;7.938048;4.607036;21.14;-3.766977;-7.736898;4.449229;20.17;1.012361;23.43;0.4708;3.183;1.2333;23.61;23.98;23.95;61828;44.659081;-1.194351;44.80;0.00;12;49;57;1010249.2
4.05;4.594018;8.181693;2.926718;21.14;-4.742150;-8.045032;2.656490;20.17;1.012353;23.43;-3.7375;5.833;5.9917;23.61;23.92;24.02;62333;44.659081;-1.194351;44.80;0.00;12;49;57;1010249.2
4.05;5.282107;7.139484;3.042379;21.14;-5.701014;-7.089559;3.362882;20.17;1.012345;23.43;-10.6000;5.217;12.7625;23.57;23.95;23.92;62835;44.659084;-1.194350;44.50;0.00;12;49;58;1010249.2
4.05;5.711388;7.159486;3.119139;21.14;-5.578170;-7.205770;3.008913;20.17;1.012346;23.43;-4.0792;6.250;5.9542;23.59;23.94;24.00;63341;44.659084;-1.194350;44.50;0.00;12;49;58;1010249.2
4.05;3.776852;7.692260;3.855257;21.14;-4.045683;-7.103924;4.811129;20.17;1.012355;23.44;-0.4208;2.133;0.5708;23.60;23.98;23.97;63841;44.659088;-1.194349;43.90;0.00;12;49;59;1010249.2
4.05;4.857264;7.526372;2.826118;21.14;-4.993026;-7.476596;3.234701;20.17;1.012357;23.44;-9.1208;4.283;10.1417;23.61;23.96;23.95;64349;44.659088;-1.194349;43.90;0.00;12;49;59;1010249.2
4.05;1.839096;6.878941;6.664161;21.14;-1.939517;-6.787624;6.688656;20.17;1.012357;23.44;1.4083;0.150;-0.8667;23.60;23.95;24.00;64850;44.659088;-1.194348;43.60;0.00;12;50;0;1010249.2
4.05;-1.396425;5.888847;6.518430;21.14;1.334779;-5.983112;6.683020;20.17;1.012358;23.43;1.2833;-1.017;-0.8083;23.62;23.91;24.00;65356;44.659088;-1.194348;43.60;0.00;12;50;0;1010249.2
4.05;-2.335339;6.215285;7.109634;21.14;2.401075;-6.289599;7.311432;20.17;1.012355;23.43;1.0167;-1.117;-0.3042;23.62;23.93;23.96;65860;44.659088;-1.194345;44.40;0.00;12;50;1;1010249.2
4.05;-5.049678;7.098679;3.769848;21.14;4.867217;-7.048148;3.756424;20.17;1.012355;23.43;0.2375;-0.800;-0.1542;23.61;23.96;23.98;66364;44.659088;-1.194345;44.40;0.00;12;50;1;1010249.2
4.05;-4.665840;5.904009;6.531498;21.14;4.641950;-6.132341;6.712248;20.17;1.012345;23.44;0.2292;-1.100;-0.0625;23.62;23.94;23.96;66867;44.659088;-1.194342;44.40;0.00;12;50;2;1010249.2
4.05;-6.069448;6.196283;5.387993;21.14;6.130396;-6.394738;5.442856;20.17;1.012335;23.44;0.2958;-1.117;-0.0583;23.63;23.92;23.98;67374;44.659088;-1.194342;44.40;0.00;12;50;2;1010249.2
4.05;-5.359065;5.292881;3.926879;21.14;4.209825;-6.007303;2.412896;20.17;1.012325;23.44;0.2667;-0.733;-0.3750;23.61;23.97;23.98;67876;44.659092;-1.194342;44.60;0.00;12;50;3;1010249.2
4.05;-6.555688;5.739069;1.148093;21.14;5.202630;-5.801015;0.975373;20.17;1.012324;23.44;0.0500;-0.617;-0.6708;23.65;23.97;23.97;68381;44.659092;-1.194342;44.60;0.81;12;50;3;1010249.2
4.05;-3.667524;5.343055;5.537346;21.14;4.298704;-5.518818;5.307793;20.17;1.012320;23.44;-0.0208;-1.150;-0.2167;23.64;23.95;23.99;68886;44.659092;-1.194342;44.30;0.81;12;50;4;1010249.2
4.05;-3.961542;5.415724;6.795839;21.14;4.229376;-5.555327;7.127565;20.17;1.012321;23.44;1.0875;-1.133;-0.2667;23.61;23.97;23.98;69392;44.659092;-1.194342;44.30;0.00;12;50;4;1010249.2
4.05;-5.986305;5.746701;5.964260;21.14;6.317430;-6.110046;6.481472;20.17;1.012321;23.44;0.5875;-1.150;-0.5500;23.58;23.96;23.96;69895;44.659096;-1.194342;44.30;0.00;12;50;5;1010249.2
4.05;-5.875929;5.791588;3.018240;21.14;6.269550;-6.334687;3.334054;20.17;1.012306;23.44;0.1708;-1.483;-0.7792;23.65;23.92;24.00;70402;44.659096;-1.194342;44.30;0.00;12;50;5;1010249.2
4.05;-2.853849;6.184162;7.146966;21.14;2.349803;-6.215933;7.103574;20.17;1.012289;23.44;0.8417;-1.017;-0.6875;23.61;23.92;24.00;70902;44.659096;-1.194343;44.20;0.00;12;50;6;1010249.2
4.05;-3.401037;6.301271;6.743570;21.14;2.255986;-6.613692;5.812187;20.17;1.012264;23.44;1.4833;0.050;-1.5958;23.67;23.98;23.98;71409;44.659096;-1.194343;44.20;0.00;12;50;6;1010249.2
4.05;-0.809286;6.187953;5.168340;21.14;0.711679;-5.883211;4.513120;20.17;1.012243;23.44;-6.3083;0.183;4.5333;23.67;23.94;23.96;71910;44.659096;-1.194343;44.20;0.00;12;50;7;1010249.2
4.05;-3.527708;6.891038;2.520030;21.14;2.975496;-7.086922;2.695350;20.17;1.012234;23.44;-0.2417;-0.783;-0.1500;23.65;23.98;23.98;72413;44.659096;-1.194343;44.20;0.00;12;50;7;1010249.2
4.04;3.409367;7.593954;4.865243;21.14;-3.548072;-7.539639;5.075521;20.17;1.012224;23.44;-12.8708;-1.667;6.0208;23.67;23.95;23.98;72918;44.659092;-1.194355;43.90;0.00;12;50;8;1010249.2
4.05;1.828500;6.821377;5.423330;20.65;-2.009949;-6.867661;5.447770;20.17;1.012204;23.44;-14.3083;-0.117;10.7458;23.61;23.93;23.98;73421;44.659092;-1.194355;43.90;4.24;12;50;8;1010249.2
4.05;4.697326;7.045113;4.815232;21.14;-4.702370;-6.946444;4.890432;20.17;1.012189;23.44;-14.5708;-0.817;12.2542;23.63;23.95;23.98;73922;44.659092;-1.194355;44.00;4.24;12;50;9;1010249.2
4.05;2.539331;7.294525;3.256821;21.14;-2.630654;-7.197392;3.433283;20.17;1.012169;23.44;-7.1167;2.450;6.3167;23.62;23.95;23.98;74431;44.659092;-1.194355;44.00;0.00;12;50;9;1010249.2
4.05;-0.105438;6.128227;4.933599;20.65;-0.752278;-6.484165;5.155447;20.17;1.012162;23.44;-7.2083;1.483;3.8083;23.61;23.94;23.98;74931;44.659092;-1.194352;44.40;0.00;12;50;10;1010249.2
4.05;1.550093;7.175196;5.000882;21.14;-3.426424;-7.769318;4.357881;20.17;1.012159;23.44;-4.0375;3.700;3.4625;23.61;23.96;24.00;75434;44.659092;-1.194352;44.40;0.00;12;50;10;1010249.2
4.05;0.493073;7.037962;4.440201;21.14;-0.532375;-6.715391;3.354354;20.17;1.012159;23.44;-4.2875;2.167;3.5750;23.65;23.92;23.96;75938;44.659088;-1.194351;44.50;0.00;12;50;11;1010249.2
4.04;-3.060984;6.095083;1.635032;21.14;2.921406;-6.821377;2.398182;20.17;1.012165;23.44;0.3833;-0.683;0.4750;23.65;23.96;24.00;76439;44.659088;-1.194351;44.50;0.00;12;50;11;1010249.2
4.05;0.265838;6.500724;6.160870;21.14;0.225190;-6.421970;5.746950;20.17;1.012169;23.44;-3.6208;1.233;0.1583;23.62;23.96;24.00;76941;44.659096;-1.194350;44.50;0.00;12;50;12;1010249.2
4.04;-1.085898;6.586661;6.812948;21.14;1.343008;-6.829258;6.973797;20.17;1.012174;23.44;1.0292;-0.500;-0.9083;23.64;23.95;23.95;77443;44.659096;-1.194350;44.50;1.31;12;50;12;1010249.2
4.05;-0.073018;6.729506;7.451908;21.14;-0.240302;-6.767111;7.589117;20.17;1.012177;23.44;1.1333;0.183;-1.3458;23.63;23.96;24.00;77952;44.659096;-1.194346;44.50;1.31;12;50;13;1010249.2
4.05;-0.868589;6.916489;5.732186;21.14;0.761705;-7.495201;6.466857;20.17;1.012173;23.44;1.1208;-0.067;-1.2667;23.66;23.94;24.02;78459;44.659096;-1.194346;44.50;0.94;12;50;13;1010249.2
4.05;1.866556;7.231058;7.202927;21.14;-2.988414;-8.171965;6.816065;20.17;1.012167;23.44;-4.8667;2.500;4.6667;23.61;23.95;24.01;78961;44.659096;-1.194345;44.60;0.94;12;50;14;1010249.2
4.04;-0.680607;7.235146;0.157882;21.14;0.083093;-7.276295;-0.150700;20.17;1.012157;23.44;-1.2625;1.683;1.3625;23.64;23.94;23.97;79467;44.659096;-1.194345;44.60;0.00;12;50;14;1010249.2
4.05;1.553135;6.752996;2.251348;21.14;-1.741816;-7.277941;2.051047;20.17;1.012134;23.44;-3.2667;1.417;3.2167;23.63;23.93;23.98;79973;44.659096;-1.194344;44.80;0.00;12;50;15;1010249.2
4.04;-2.800831;3.113553;-2.577537;21.14;-0.620306;-3.731016;-6.169672;20.17;1.012103;23.44;-3.0708;0.867;-0.4417;23.60;23.93;24.01;80477;44.659096;-1.194344;44.80;0.00;12;50;15;1010249.2
4.04;-4.148926;6.274189;2.716341;20.65;3.668422;-6.363915;3.025572;20.17;1.012100;23.44;0.1542;-0.633;-0.6708;23.65;23.94;24.01;80979;44.659100;-1.194343;44.80;0.00;12;50;16;1010249.2
4.05;-5.821500;6.497860;0.191609;21.14;5.525451;-6.574939;0.230469;20.17;1.012102;23.44;-0.2417;-1.383;-0.6333;23.65;23.94;23.96;81485;44.659100;-1.194343;44.80;0.00;12;50;16;1010249.2
4.05;-6.354787;6.421822;4.873224;21.14;6.319825;-6.535936;4.943449;20.17;1.012109;23.44;0.8167;-1.117;-0.5083;23.61;23.94;24.00;81988;44.659103;-1.194352;43.40;0.00;12;50;17;1010249.2
4.05;-5.048238;6.305562;4.778809;21.14;4.916516;-6.404065;4.780854;20.17;1.012117;23.44;0.3417;-1.467;0.0875;23.61;24.00;24.00;82491;44.659103;-1.194352;43.40;3.24;12;50;17;1010249.2
4.06;-5.021420;6.368283;5.432212;21.14;4.992862;-6.465669;5.566150;20.17;1.012121;23.45;0.8375;-1.617;-0.1958;23.63;23.95;24.00;82996;44.659111;-1.194361;44.60;3.24;12;50;18;1010249.2
4.06;-6.735689;8.398552;6.525688;20.65;5.843659;-8.726386;6.750578;20.17;1.012085;23.45;0.5792;-1.783;-0.0625;23.64;23.95;23.97;83504;44.659111;-1.194361;44.60;3.24;12;50;18;1010249.2
4.05;1.697925;4.154462;-1.338993;20.65;-3.165773;-4.186284;-1.711591;20.17;1.012039;23.45;-2.6375;0.783;0.2833;23.62;23.96;24.00;84011;44.659115;-1.194356;44.70;3.24;12;50;19;1010249.2
4.05;1.048716;6.620003;-3.432658;21.14;-5.757674;-7.614105;-2.931156;20.17;1.012023;23.45;-2.4333;0.100;0.1250;23.67;23.96;23.99;84518;44.659115;-1.194356;44.70;1.74;12;50;19;1010249.2
4.05;-11.098285;8.808208;7.837898;21.14;7.993361;-7.954007;6.474016;20.17;1.011989;23.45;-2.0625;1.050;1.3750;23.63;23.95;24.02;85023;44.659107;-1.194348;46.80;1.74;12;50;20;1010249.2
4.05;-2.423280;6.275983;-0.950016;20.65;5.654191;-6.112829;0.273879;20.17;1.011959;23.45;-3.0667;0.867;-0.5292;23.64;23.94;24.01;85523;44.659107;-1.194348;46.80;3.96;12;50;20;1010249.2
4.05;-5.287344;7.574104;6.664491;21.14;3.362782;-7.585077;7.084272;20.17;1.011946;23.45;-1.5958;-0.567;0.5667;23.64;23.95;24.00;86027;44.659107;-1.194338;47.70;3.96;12;50;21;1010249.2
4.04;2.150973;6.280922;-4.797113;21.14;-3.757650;-6.945917;-2.569207;20.17;1.011934;23.45;-12.3375;-4.717;3.7042;23.62;23.92;24.04;86534;44.659107;-1.194338;47.70;2.74;12;50;21;1010249.2
4.05;1.953090;7.609516;3.495652;20.65;-2.287209;-7.433204;3.551812;20.17;1.011924;23.45;0.6583;2.917;1.0333;23.57;23.94;24.02;87043;44.659103;-1.194322;48.80;2.74;12;50;22;1010249.2
4.05;4.544641;7.887324;5.020883;20.65;-4.644294;-8.230322;3.801690;20.17;1.011912;23.44;-15.4167;-3.517;11.6333;23.63;23.94;24.00;87550;44.659103;-1.194322;48.80;4.57;12;50;22;1010249.2
4.04;3.964111;6.954844;0.073717;21.14;-4.260250;-6.903423;0.107134;20.17;1.011908;23.44;-9.5208;-1.733;4.3000;23.67;23.94;24.02;88056;44.659100;-1.194328;49.70;4.57;12;50;23;1010249.2
4.04;-4.154063;7.300733;5.835230;20.65;3.977802;-7.457494;5.739319;20.17;1.011902;23.44;-1.2667;3.700;3.5458;23.66;23.96;24.02;88565;44.659100;-1.194328;49.70;1.26;12;50;23;1010249.2
4.05;-0.305590;6.283390;5.614904;20.65;-0.526590;-7.356894;3.502410;20.17;1.011885;23.44;-2.7667;0.517;6.0125;23.63;23.92;24.04;89072;44.659103;-1.194334;50.20;1.26;12;50;24;1010249.2
4.05;-0.992131;6.974022;0.772528;20.65;0.654546;-6.786613;0.792528;20.17;1.011880;23.44;-3.8125;-0.467;4.5792;23.67;23.93;23.99;89572;44.659103;-1.194334;50.20;1.50;12;50;24;1010249.2
4.05;2.052763;7.077389;-0.802945;21.14;-2.582103;-7.093763;-0.709278;20.17;1.011868;23.44;-5.2958;-0.783;3.3250;23.63;23.93;24.00;90077;44.659096;-1.194332;51.70;1.50;12;50;25;1010249.2
4.05;-0.103567;6.696188;0.117956;20.65;-0.031621;-6.575189;0.116086;20.17;1.011854;23.44;-6.2167;-1.433;5.9417;23.65;23.94;24.02;90585;44.659096;-1.194332;51.70;0.81;12;50;25;1010249.2
4.05;-3.903088;7.352057;2.940010;20.65;3.503308;-7.546871;2.730380;20.17;1.011848;23.44;0.0667;-0.483;0.5458;23.67;23.93;24.00;91093;44.659096;-1.194332;51.70;0.81;12;50;25;1010249.2
4.05;-4.341796;8.318900;2.323718;20.65;4.335662;-8.341793;3.175399;20.17;1.011842;23.44;-0.5000;0.683;0.6750;23.67;23.95;24.00;91593;44.659096;-1.194331;51.70;0.00;12;50;26;1010249.2
4.05;5.878422;5.498168;3.867701;20.65;-6.785416;-5.485651;4.383044;19.69;1.011844;23.44;-8.7250;0.250;5.7542;23.63;23.92;24.02;92099;44.659096;-1.194330;52.10;0.00;12;50;27;1010249.2
4.05;1.254429;7.701187;3.897851;20.65;-0.523796;-7.948671;4.051170;20.17;1.011854;23.44;-0.1083;-0.283;0.0917;23.67;23.92;24.00;92608;44.659088;-1.194306;51.60;0.00;12;50;28;1010249.2
4.05;-2.426063;7.653406;5.739718;20.65;2.455540;-7.787623;5.560863;20.17;1.011860;23.44;0.3042;-1.200;-0.2000;23.67;23.96;24.02;93114;44.659088;-1.194306;51.60;0.00;12;50;28;1010249.2
4.05;-1.897030;7.589365;6.480326;20.65;1.451388;-7.606822;6.518530;20.17;1.011862;23.44;0.5417;-0.900;-0.3500;23.66;23.91;24.02;93621;44.659084;-1.194297;51.20;7.17;12;50;29;1010249.2
4.06;2.454542;7.562183;6.163064;20.65;-2.314291;-7.523230;6.363467;20.17;1.011866;23.44;-4.1750;1.917;5.6125;23.61;23.93;23.98;94123;44.659084;-1.194297;51.20;7.17;12;50;29;1010249.2
4.05;6.242318;7.999694;2.210998;20.65;-6.354390;-7.960392;2.506862;20.17;1.011868;23.44;-16.6750;-10.333;10.5583;23.59;23.92;24.00;94632;44.659081;-1.194298;51.10;7.17;12;50;30;1010249.2
4.04;4.229027;7.944433;1.802565;20.65;-4.035459;-7.886576;1.890795;20.17;1.011855;23.44;-18.9417;-11.233;10.0292;23.64;23.92;24.01;95134;44.659081;-1.194298;51.10;7.17;12;50;30;1010249.2
4.04;3.267121;8.043685;2.429205;20.65;-3.256098;-8.012362;2.520379;19.69;1.011851;23.44;-15.9375;-6.033;7.6667;23.63;23.93;24.03;95638;44.659073;-1.194286;51.20;7.17;12;50;31;1010249.2
4.05;4.505759;8.092250;3.379619;20.65;-4.557061;-8.079467;3.504836;19.69;1.011845;23.43;-13.6333;-2.617;7.3458;23.62;23.96;24.02;96146;44.659073;-1.194286;51.20;7.17;12;50;31;1010249.2
4.04;5.331533;8.031915;2.508259;20.65;-5.425350;-8.004184;2.634245;19.69;1.011844;23.43;-15.7583;-5.467;7.3708;23.65;23.93;24.02;96650;44.659073;-1.194284;51.00;7.17;12;50;32;1010249.2
4.05;4.838746;7.909832;2.403662;20.65;-4.905822;-7.883327;2.546834;19.69;1.011849;23.43;-12.2042;-2.417;6.9250;23.66;23.92;24.02;97158;44.659073;-1.194284;51.00;7.17;12;50;32;1010249.2
4.04;5.135421;7.863034;2.139876;20.65;-5.185197;-7.826176;2.321972;20.17;1.011852;23.43;-14.1292;-5.067;7.4042;23.64;23.91;24.02;97666;44.659073;-1.194283;50.60;7.17;12;50;33;1010249.2
4.04;5.230884;7.797945;2.875944;20.65;-5.303504;-7.772360;3.042779;19.69;1.011863;23.43;-14.1542;-4.117;8.2167;23.66;23.93;24.02;98166;44.659073;-1.194283;50.60;7.17;12;50;33;1010249.2
4.05;5.026849;7.644222;2.843353;20.65;-5.083964;-7.610065;2.986953;19.69;1.011878;23.43;-13.3250;-4.950;6.5667;23.66;23.91;24.01;98675;44.659073;-1.194281;50.50;7.17;12;50;34;1010249.2
4.05;5.141407;7.460288;2.387859;20.65;-5.215223;-7.347818;2.545067;19.69;1.011893;23.43;-11.8000;-2.567;5.5083;23.66;23.90;24.00;99175;44.659073;-1.194281;50.50;7.17;12;50;34;1010249.2
4.05;3.719345;6.934745;5.378418;20.65;-3.990819;-6.986166;5.363104;19.69;1.011911;23.43;-9.1042;-0.317;4.1417;23.61;23.92;24.01;99675;44.659073;-1.194279;50.30;7.17;12;50;35;1010249.2
4.04;6.375422;6.921178;2.181957;20.65;-6.303046;-6.859061;2.430638;19.69;1.011927;23.43;-10.8083;-2.767;4.4333;23.63;23.92;23.99;100182;44.659073;-1.194279;50.30;7.17;12;50;35;1010249.2
4.04;4.970432;6.601673;5.024947;20.65;-5.177367;-6.574541;5.058414;19.69;1.011957;23.43;-8.4250;-0.367;3.6375;23.64;23.89;24.00;100686;44.659073;-1.194275;49.90;7.17;12;50;36;1010249.2
4.05;6.604167;6.397830;2.966269;20.65;-6.577034;-6.337282;3.158292;19.69;1.011988;23.42;-11.9750;-2.567;3.3750;23.67;23.92;24.00;101194;44.659073;-1.194275;49.90;7.17;12;50;36;1010249.2
4.05;6.210747;6.031790;4.108877;20.65;-6.295485;-6.034833;4.189126;19.69;1.012020;23.42;-10.8292;-2.083;2.2917;23.61;23.90;23.98;101703;44.659069;-1.194274;50.00;7.17;12;50;37;1010249.2
4.05;6.826663;5.739618;4.126333;20.65;-6.911303;-5.670540;4.328679;19.69;1.012056;23.42;-11.2500;-1.933;0.8542;23.65;23.93;24.02;102205;44.659069;-1.194274;50.00;7.17;12;50;37;1010249.2
4.05;6.476834;5.369190;5.116668;20.65;-6.496983;-5.352582;5.241209;19.69;1.012097;23.42;-10.6792;-1.600;0.1125;23.62;23.92;24.01;102711;44.659069;-1.194275;49.80;7.17;12;50;38;1010249.2
4.04;6.863522;5.084399;4.564742;20.65;-6.890854;-5.059011;4.704744;19.69;1.012133;23.42;-10.8333;-1.883;0.6708;23.65;23.92;24.03;103217;44.659069;-1.194275;49.80;7.17;12;50;38;1010249.2
4.05;7.031254;4.739157;3.891816;20.65;-7.136242;-4.646588;3.957054;19.69;1.012160;23.42;-6.9125;0.600;-0.3125;23.61;23.93;24.06;103718;44.659069;-1.194274;49.60;7.17;12;50;39;1010249.2
4.05;8.292617;4.274763;4.201396;20.65;-8.322342;-4.226583;4.379003;19.69;1.012205;23.42;-5.5542;0.617;-0.0667;23.65;23.95;24.04;104227;44.659069;-1.194274;49.60;7.17;12;50;39;1010249.2
4.05;8.080922;3.677292;3.568278;20.65;-8.045823;-3.626163;3.736717;19.69;1.012242;23.42;-1.9333;0.467;-0.5458;23.61;23.92;24.03;104735;44.659069;-1.194274;49.40;7.17;12;50;40;1010249.2
4.04;8.900901;3.328618;4.024187;20.65;-8.897410;-3.266771;4.179001;19.69;1.012269;23.42;-2.5542;0.250;-0.3625;23.65;23.91;24.02;105237;44.659069;-1.194274;49.40;7.17;12;50;40;1010249.2
4.05;9.267989;2.986718;2.872802;20.65;-9.269485;-2.917890;3.070460;19.69;1.012299;23.42;-3.3083;1.200;-0.0250;23.65;23.91;24.01;105745;44.659069;-1.194274;49.30;7.17;12;50;41;1010249.2
4.05;9.034605;2.790599;3.745010;20.65;-9.033622;-2.731988;3.907377;19.69;1.012326;23.42;-1.6667;1.350;-0.7750;23.64;23.91;24.03;106245;44.659069;-1.194274;49.30;7.17;12;50;41;1010249.2
4.05;9.061353;2.847066;3.168017;20.65;-9.052375;-2.787863;3.383281;19.69;1.012332;23.41;-3.2708;0.933;-0.3000;23.66;23.92;24.05;106745;44.659077;-1.194274;49.30;7.17;12;50;42;1010249.2
4.04;7.704528;2.863674;3.949224;20.65;-7.595501;-2.818935;4.231770;19.69;1.012332;23.41;-3.6250;0.933;-0.3417;23.67;23.91;24.04;107253;44.659077;-1.194274;49.30;7.17;12;50;42;1010249.2
4.05;8.083287;2.991007;4.965943;20.65;-7.716399;-2.964972;5.730491;19.69;1.012330;23.41;-7.0125;0.517;0.2292;23.62;23.91;24.03;107755;44.659077;-1.194275;49.20;7.17;12;50;43;1010249.2
4.05;7.229261;2.908363;5.353479;20.65;-6.993499;-2.875495;5.842362;19.69;1.012331;23.41;-8.6208;-0.683;0.9417;23.62;23.92;24.02;108264;44.659077;-1.194275;49.20;7.17;12;50;43;1010249.2
4.04;7.545824;2.987217;5.943911;20.65;-7.497045;-2.944773;6.115383;19.69;1.012324;23.41;-11.5208;-2.400;1.2625;23.60;23.91;24.07;108771;44.659077;-1.194275;49.00;7.17;12;50;44;1010249.2
4.05;8.770726;3.054650;4.675965;20.65;-8.433715;-3.043128;4.871628;19.69;1.012316;23.41;-13.3375;-3.900;-0.9208;23.64;23.88;24.03;109272;44.659077;-1.194275;49.00;7.17;12;50;44;1010249.2
4.04;9.219409;3.169364;4.696414;20.65;-9.027287;-2.708361;4.896317;19.69;1.012291;23.41;-15.3833;-4.667;-2.4583;23.67;23.92;24.03;109778;44.659065;-1.194278;48.30;7.17;12;50;45;1010249.2
4.04;-2.846966;3.632162;5.624480;20.65;3.005771;-4.035159;5.515152;19.69;1.012265;23.41;-4.0292;0.717;2.7833;23.60;23.90;24.00;110285;44.659065;-1.194278;48.30;7.17;12;50;45;1010249.2
4.05;6.325760;1.958676;1.379917;20.65;-6.421646;-1.419119;2.912878;19.69;1.012226;23.41;-3.7667;-0.050;1.2583;23.65;23.92;24.04;110785;44.659061;-1.194284;48.20;7.17;12;50;46;1010249.2
4.05;-4.057254;2.739084;1.797527;20.65;4.586637;-3.335202;0.881856;19.69;1.012179;23.40;-1.4167;0.050;-0.3667;23.66;23.92;24.01;111294;44.659061;-1.194284;48.20;7.17;12;50;46;1010249.2
4.04;4.954621;5.200459;4.985545;20.65;-5.459917;-5.339564;5.156419;19.69;1.012139;23.40;-1.6417;1.033;0.9833;23.62;23.88;24.04;111795;44.659058;-1.194295;48.20;7.17;12;50;47;1010249.2
4.05;-1.192276;5.276065;7.147222;20.65;0.903089;-5.354833;7.089061;19.69;1.012103;23.40;-0.1167;0.367;-0.6292;23.61;23.91;24.04;112303;44.659058;-1.194295;48.20;7.17;12;50;47;1010249.2
4.05;-2.471301;5.215373;4.539829;20.65;2.717862;-5.285598;4.949310;19.69;1.012085;23.40;0.7375;-1.333;-0.5167;23.61;23.91;24.04;112812;44.659073;-1.194304;48.10;7.17;12;50;48;1010249.2
4.05;-3.062380;5.761165;7.702684;20.65;2.990908;-5.855280;7.766076;19.69;1.012046;23.40;0.6958;-2.367;-0.2333;23.65;23.87;24.06;113313;44.659073;-1.194304;48.10;7.17;12;50;48;1010249.2
4.04;-1.756778;4.954073;1.619870;20.65;-1.342485;-4.793423;2.764796;19.69;1.011981;23.40;-7.1875;0.233;7.6958;23.62;23.91;24.03;113821;44.659088;-1.194314;47.90;7.17;12;50;49;1010249.2
4.05;2.719184;3.054101;-4.003014;20.65;-2.835095;-3.233853;-4.201246;19.69;1.011931;23.40;-9.1458;-3.450;2.6583;23.63;23.90;24.04;114330;44.659088;-1.194314;47.90;7.17;12;50;49;1010249.2
4.05;-1.044017;6.875392;-5.110000;20.65;1.082278;-6.800022;-4.832375;19.69;1.011892;23.39;-5.3958;2.817;-9.2958;23.64;23.89;24.01;114830;44.659103;-1.194323;48.00;7.17;12;50;50;1010249.2
4.05;-4.151220;8.089321;-5.983236;20.65;4.024710;-8.415562;-5.199886;19.69;1.011849;23.39;0.0875;2.783;-4.3708;23.63;23.87;24.05;115338;44.659103;-1.194323;48.00;7.17;12;50;50;1010249.2
4.04;-10.091790;6.987613;-5.919321;20.65;8.775688;-6.820230;-6.426458;19.69;1.011796;23.39;-5.7250;-0.783;-0.9250;23.61;23.87;24.06;115843;44.659115;-1.194330;47.80;7.17;12;50;51;1010249.2
4.04;-7.556647;7.667222;-14.183360;20.65;4.653870;-7.115195;-12.949628;19.69;1.011750;23.39;-0.7333;-0.150;-0.1417;23.61;23.88;24.00;116344;44.659115;-1.194330;47.80;7.17;12;50;51;1010249.2
4.04;2.803100;7.589590;-5.437969;20.65;-4.448980;-6.602471;-3.509068;19.69;1.011719;23.39;-3.5208;-1.217;-1.4250;23.61;23.92;24.03;116852;44.659122;-1.194338;47.10;7.17;12;50;52;1010249.2
4.05;7.214724;5.084997;-4.331896;20.65;-9.032226;-5.721164;-5.812387;19.69;1.011701;23.39;-6.4042;-0.100;-2.1625;23.62;23.88;24.02;117353;44.659122;-1.194338;47.10;7.17;12;50;52;1010249.2
4.05;5.252780;7.010905;2.637437;20.65;-5.782113;-6.954944;1.331736;19.69;1.011693;23.39;-9.7417;-0.800;5.2000;23.62;23.86;24.01;117861;44.659130;-1.194351;46.80;7.17;12;50;53;1010249.2
4.05;5.351783;6.887812;-4.811278;20.65;-5.449440;-6.835790;-4.490327;19.69;1.011690;23.38;-15.1708;-5.350;-3.9208;23.64;23.92;24.05;118370;44.659130;-1.194351;46.80;7.17;12;50;53;1010249.2
4.04;5.626898;6.867113;-4.025234;20.65;-5.737474;-6.844019;-3.573757;19.69;1.011695;23.38;-15.9042;-3.533;-8.4417;23.63;23.89;24.01;118870;44.659126;-1.194341;46.70;7.17;12;50;54;1010249.2
4.04;5.883660;6.884369;-4.930681;20.65;-5.915131;-6.826115;-4.859607;19.69;1.011707;23.38;-20.0958;-8.583;-6.3792;23.63;23.87;24.01;119378;44.659126;-1.194341;46.70;7.17;12;50;54;1010249.2
4.05;5.539766;7.730090;-4.588932;20.65;-4.156258;-6.956043;-5.078962;19.69;1.011710;23.38;-17.6458;-10.917;0.4750;23.61;23.89;24.02;119884;44.659126;-1.194345;47.80;7.17;12;50;55;1010249.2
4.04;2.069775;6.036105;1.530168;20.65;-2.473844;-5.282405;1.460840;19.69;1.011713;23.38;-9.2875;-0.300;2.6583;23.62;23.90;24.04;120386;44.659126;-1.194345;47.80;7.17;12;50;55;1010249.2
4.04;6.437068;6.560491;-3.045564;20.65;-6.816780;-6.545014;-2.891918;19.69;1.011721;23.38;-12.1000;-1.967;-1.5583;23.61;23.88;24.04;120891;44.659134;-1.194348;47.90;7.17;12;50;56;1010249.2
4.04;4.345836;6.419575;-2.373145;20.65;-4.703147;-6.364514;-2.179776;19.69;1.011737;23.38;-12.7583;-1.767;1.6333;23.64;23.87;24.02;121394;44.659134;-1.194348;47.90;7.17;12;50;56;1010249.2
4.05;1.346899;7.130158;-3.801740;20.65;-1.758524;-7.126418;-3.820594;19.69;1.011742;23.38;-8.0917;-1.717;2.9042;23.59;23.90;24.03;121898;44.659142;-1.194343;49.10;7.17;12;50;57;1010249.2
4.05;-1.895954;5.069087;-8.896135;20.65;1.430547;-4.901504;-7.792801;19.69;1.011733;23.38;-5.9625;-1.767;-6.9542;23.65;23.86;24.04;122406;44.659142;-1.194343;49.10;7.17;12;50;57;1010249.2
4.05;-9.449986;6.777237;-13.781136;20.65;8.256606;-6.867861;-13.915252;19.69;1.011724;23.37;-8.1333;-0.950;-2.8167;23.62;23.90;24.00;122915;44.659119;-1.194299;49.60;7.17;12;50;58;1010249.2
4.05;-0.785204;5.960911;-0.861022;20.65;0.320289;-6.310099;-1.084245;19.69;1.011734;23.37;-4.9042;-0.717;-1.4125;23.62;23.85;24.03;123423;44.659119;-1.194299;49.60;7.17;12;50;58;1010249.2
4.05;-4.499304;6.096729;-4.051868;20.65;2.780432;-5.730191;-4.245286;19.69;1.011749;23.37;-5.9375;0.067;1.6917;23.63;23.89;24.02;123929;44.659111;-1.194270;49.90;7.17;12;50;59;1010249.2
4.04;1.120562;5.463854;-6.844668;20.65;-0.376414;-5.566848;-6.332044;19.69;1.011781;23.37;-4.8167;0.417;-1.6500;23.59;23.91;24.06;124430;44.659111;-1.194270;49.90;7.17;12;50;59;1010249.2
4.05;-6.167305;5.610390;-4.683096;20.65;6.050245;-5.606151;-4.430077;19.69;1.011847;23.37;0.4333;-0.417;0.6417;23.59;23.85;24.01;124935;44.659103;-1.194247;49.70;7.17;12;51;0;1010249.2
4.04;-6.456236;5.055969;-4.900905;20.65;6.408504;-5.154923;-4.699856;19.69;1.011916;23.37;0.1375;-0.400;0.4958;23.56;23.84;24.00;125444;44.659103;-1.194247;49.70;7.17;12;51;0;1010249.2
4.05;-7.648718;4.636264;-4.901055;20.65;7.777496;-4.741352;-4.890281;19.69;1.011979;23.37;0.5708;-0.283;0.0792;23.59;23.84;24.03;125953;44.659100;-1.194224;48.80;7.17;12;51;1;1010249.2
4.05;-8.107726;3.811616;-4.690179;20.65;8.041888;-3.969323;-4.571874;19.69;1.012042;23.37;0.7792;-0.217;0.0208;23.61;23.85;24.00;126462;44.659100;-1.194224;48.80;7.17;12;51;1;1010249.2
4.04;-8.803894;3.320987;-5.219563;20.65;8.725638;-3.422235;-5.030034;19.69;1.012092;23.37;0.9917;-0.683;-0.2250;23.61;23.84;24.00;126971;44.659088;-1.194204;48.10;7.17;12;51;2;1010249.2
4.04;-9.001153;3.253155;-4.698459;20.65;8.950280;-3.382483;-4.616264;19.69;1.012125;23.36;1.1333;-0.500;0.1958;23.58;23.83;23.98;127480;44.659088;-1.194204;48.10;10.13;12;51;2;1010249.2
4.05;-9.033878;3.614748;-5.796021;20.65;8.890705;-3.745053;-5.515362;19.69;1.012146;23.36;-1.1542;-1.950;0.4708;23.61;23.89;24.03;127985;44.659077;-1.194216;47.30;10.13;12;51;3;1010249.2
4.04;-1.614782;3.597698;-7.046466;20.65;1.640917;-3.782388;-7.210609;19.69;1.012145;23.36;-0.0167;-0.117;0.7750;23.57;23.90;24.01;128488;44.659077;-1.194216;47.30;7.61;12;51;3;1010249.2
4.05;-2.624120;2.411100;-7.384125;20.65;2.477834;-2.338481;-7.172453;19.69;1.012126;23.36;-0.7333;0.100;0.4250;23.61;23.84;24.02;128994;44.659065;-1.194217;47.70;7.61;12;51;4;1010249.2
4.04;5.742325;4.673043;-7.191234;20.65;-5.931926;-4.603104;-7.112274;19.69;1.012097;23.36;-13.9042;-2.850;-3.2083;23.60;23.84;24.03;129502;44.659065;-1.194217;47.70;3.69;12;51;4;1010249.2
4.04;-4.288978;4.371074;-7.098688;20.65;4.333268;-4.416161;-6.921876;19.69;1.012083;23.36;0.1167;0.200;1.1208;23.59;23.81;24.04;130003;44.659069;-1.194216;47.80;3.69;12;51;5;1010249.2
4.04;-6.427665;4.497081;-5.915722;20.65;6.279063;-4.604984;-5.834796;19.69;1.012073;23.36;0.7167;0.383;0.9417;23.61;23.84;24.03;130511;44.659069;-1.194216;47.80;2.76;12;51;5;1010249.2
4.05;-5.259263;4.528930;-7.416047;20.65;5.283254;-4.618808;-7.186568;19.69;1.012053;23.35;-0.2292;2.017;-2.4542;23.58;23.84;24.00;131019;44.659084;-1.194222;47.40;2.76;12;51;6;1010249.2
4.04;-5.268890;4.742650;-6.671799;20.65;5.195272;-4.863399;-6.604765;19.69;1.012030;23.35;-3.5375;3.983;-4.2583;23.60;23.83;23.98;131521;44.659084;-1.194222;47.40;6.32;12;51;6;1010249.2
4.05;-6.200871;5.366589;-6.524109;20.65;5.924444;-5.451621;-6.214124;19.69;1.012017;23.35;2.1958;1.400;-0.2500;23.59;23.83;24.00;132027;44.659103;-1.194232;47.40;6.32;12;51;7;1010249.2
4.05;-3.187917;5.248839;-6.955343;20.65;3.075098;-5.314476;-7.061779;19.69;1.011975;23.35;-2.8875;3.717;-5.9750;23.60;23.84;24.00;132530;44.659103;-1.194232;47.40;6.91;12;51;7;1010249.2
4.04;-1.965958;5.573531;-7.064422;20.65;2.223118;-5.688196;-6.841228;19.69;1.011944;23.35;-0.9542;3.167;-4.1292;23.60;23.84;24.00;133038;44.659107;-1.194231;47.70;6.91;12;51;8;1010249.2
4.04;-5.163702;5.863510;-5.569392;20.65;5.187741;-5.937326;-5.432582;19.69;1.011910;23.35;1.0625;-0.400;0.8250;23.61;23.83;24.00;133547;44.659107;-1.194231;47.70;0.00;12;51;8;1010249.2
4.04;-2.771304;5.378666;-5.738770;20.65;2.663023;-5.473580;-6.084411;19.69;1.011890;23.35;0.3875;-0.417;0.5333;23.57;23.84;24.00;134048;44.659107;-1.194231;47.70;0.00;12;51;8;1010249.2
4.05;-5.731888;5.596724;-4.785642;20.65;5.598220;-5.726451;-4.810580;19.69;1.011883;23.35;0.3250;-0.617;0.2292;23.60;23.83;24.00;134554;44.659107;-1.194233;47.70;0.00;12;51;9;1010249.2
4.04;-6.323765;5.283553;-5.669194;20.65;6.174187;-5.355873;-5.495725;19.69;1.011887;23.34;-0.5458;-1.700;0.2917;23.57;23.82;23.97;135059;44.659107;-1.194233;47.70;0.00;12;51;9;1010249.2
4.05;-7.662334;5.124948;-4.572572;20.65;7.173400;-5.065994;-4.211022;19.69;1.011902;23.34;-1.1750;-2.117;0.8833;23.59;23.84;23.98;135559;44.659103;-1.194233;47.70;0.00;12;51;10;1010249.2
4.04;-7.829769;4.901504;-5.147441;20.65;7.612009;-4.978313;-4.949832;19.69;1.011902;23.34;-1.2083;-2.450;0.6083;23.61;23.81;23.97;136066;44.659103;-1.194233;47.70;0.00;12;51;10;1010249.2
4.05;-3.175313;6.038204;-9.778811;20.65;3.315451;-5.951334;-9.570528;19.69;1.011890;23.34;0.8542;-2.333;1.4792;23.58;23.82;23.99;136571;44.659088;-1.194233;47.70;7.65;12;51;11;1010249.2
4.04;7.599889;5.896727;-1.830495;20.65;-7.694254;-5.992289;-1.864511;19.69;1.011846;23.34;-15.6750;-3.050;-18.0000;23.58;23.84;23.98;137073;44.659088;-1.194233;47.70;7.65;12;51;11;1010249.2
4.04;0.774573;5.056967;-4.845468;20.65;-0.965747;-5.044049;-4.780654;19.69;1.011799;23.34;0.8292;0.367;-0.3708;23.58;23.81;23.98;137582;44.659065;-1.194240;47.70;7.54;12;51;12;1010249.2
4.04;-0.966851;6.131144;-6.290733;20.65;0.630403;-6.206557;-5.901829;19.69;1.011740;23.34;-17.7542;-7.050;-14.5583;23.57;23.81;23.98;138084;44.659065;-1.194240;47.70;7.54;12;51;12;1010249.2
4.05;4.108527;7.715650;-4.468282;20.65;-4.320600;-7.619939;-4.484591;19.69;1.011671;23.34;-24.1667;-10.333;-21.9583;23.56;23.84;23.97;138584;44.659058;-1.194244;47.70;0.76;12;51;13;1010249.2
4.05;2.991706;7.799942;-3.733959;20.65;-3.171708;-7.849817;-3.526575;19.69;1.011619;23.34;-21.1417;-15.300;-13.3000;23.58;23.83;24.00;139092;44.659058;-1.194244;47.70;0.76;12;51;13;1010249.2
4.04;3.089812;8.474215;-2.827215;20.65;-3.223629;-8.440547;-2.925920;19.69;1.011564;23.33;-20.6708;-17.150;-9.4208;23.57;23.83;23.96;139595;44.659061;-1.194251;47.70;2.63;12;51;14;1010249.2
4.04;2.866069;8.725089;-2.646315;20.65;-2.902926;-8.719154;-2.485216;19.69;1.011517;23.33;-17.9167;-16.500;-9.0083;23.57;23.82;24.00;140104;44.659061;-1.194251;47.70;2.63;12;51;14;1010249.2
4.04;1.064751;8.360894;-1.446152;20.65;-1.174029;-8.417805;-1.281362;19.69;1.011471;23.33;-14.3625;-12.200;-13.0125;23.59;23.85;23.93;140612;44.659065;-1.194256;47.70;2.07;12;51;15;1010249.2
4.04;4.545888;9.235818;-1.900920;20.65;-4.505140;-9.255069;-1.631041;19.69;1.011459;23.33;-14.1625;-6.333;-15.1708;23.58;23.84;23.97;141115;44.659065;-1.194256;47.70;2.07;12;51;15;1010249.2
4.04;4.138901;9.213625;-2.608609;20.65;-4.176657;-9.159807;-2.235936;19.69;1.011440;23.33;-13.4333;-14.433;-11.4083;23.55;23.80;23.97;141615;44.659069;-1.194260;47.70;0.00;12;51;16;1010249.2
4.04;0.577264;8.661496;0.229878;20.65;-0.978266;-9.091628;0.190376;19.69;1.011427;23.33;-9.0708;-8.117;-15.8333;23.56;23.78;23.95;142116;44.659069;-1.194260;47.70;0.00;12;51;16;1010249.2
4.04;2.473795;6.914844;-4.740156;20.65;-2.812252;-6.994347;-5.379216;19.69;1.011411;23.33;0.3417;-0.317;0.5125;23.53;23.81;23.99;142622;44.659069;-1.194260;47.70;0.00;12;51;17;1010249.2
4.05;-0.293520;8.573866;-2.240176;20.65;-1.408246;-8.453216;-2.303518;19.69;1.011400;23.33;-9.8750;-3.600;-2.1792;23.56;23.79;23.92;143128;44.659069;-1.194260;47.70;0.00;12;51;17;1010249.2
4.05;4.575914;9.036265;-3.949871;20.65;-4.617062;-8.991128;-3.553259;19.69;1.011391;23.32;-10.1417;3.117;-14.7000;23.53;23.82;23.94;143628;44.659058;-1.194270;47.70;4.78;12;51;18;1010249.2
4.05;4.665042;9.452530;-0.245938;20.65;-4.840157;-9.413077;-0.310477;19.69;1.011387;23.32;-9.5625;-17.050;-22.9708;23.53;23.82;23.92;144136;44.659058;-1.194270;47.70;4.78;12;51;18;1010249.2
4.04;3.670018;9.017463;-0.411825;20.65;-3.957253;-9.152725;-0.408533;19.69;1.011361;23.32;-8.5208;-10.667;-25.9042;23.53;23.79;23.98;144645;44.659050;-1.194277;47.70;1.85;12;51;19;1010249.2
4.05;1.092482;9.873333;-3.078140;20.65;-1.256523;-9.880465;-2.872453;19.69;1.011343;23.32;1.2167;4.450;-3.0750;23.55;23.82;23.95;145148;44.659050;-1.194277;47.70;1.85;12;51;19;1010249.2
4.05;2.220945;9.100399;-2.326540;20.65;-2.375874;-9.111342;-2.226759;19.69;1.011315;23.32;0.6083;6.200;-7.8208;23.52;23.80;23.92;145656;44.659042;-1.194300;51.30;3.83;12;51;21;1010249.2
4.04;1.351238;7.651213;-2.514792;20.65;-1.533634;-7.690165;-2.355938;19.69;1.011287;23.32;-2.5792;4.500;-13.2417;23.51;23.81;23.92;146160;44.659042;-1.194300;51.30;3.83;12;51;21;1010249.2
4.05;1.333866;8.327807;-1.357593;20.65;-1.325744;-8.332681;-1.151492;19.69;1.011254;23.31;-10.4250;-2.117;-15.4625;23.53;23.79;23.90;146669;44.659046;-1.194299;52.00;1.81;12;51;22;1010249.2
4.04;-0.554171;8.543292;-3.274303;20.65;0.340902;-8.538554;-3.431611;19.69;1.011243;23.31;1.8042;2.683;-1.3333;23.55;23.81;23.92;147169;44.659046;-1.194299;52.00;1.81;12;51;22;1010249.2
4.04;0.711330;9.462654;-3.370912;20.65;-1.726504;-9.690686;-3.039288;19.69;1.011228;23.31;-9.4125;-6.750;-9.3542;23.51;23.80;23.90;147669;44.659050;-1.194287;51.50;1.81;12;51;23;1010249.2
4.04;2.653847;9.496570;-1.710743;20.65;-2.741778;-9.424051;-1.728300;19.69;1.011209;23.31;-14.9917;-6.583;-28.8708;23.51;23.78;23.86;148175;44.659050;-1.194287;51.50;1.81;12;51;23;1010249.2
4.04;0.171373;8.882698;0.019501;20.65;-0.225988;-8.565436;0.342747;19.69;1.011186;23.31;-10.2250;-14.233;-16.0833;23.53;23.79;23.90;148682;44.659054;-1.194280;51.80;1.81;12;51;24;1010249.2
4.04;2.046558;9.975528;-0.862205;20.65;-1.736928;-10.176128;-0.610780;19.69;1.011167;23.31;-9.3083;-12.350;-14.8125;23.55;23.79;23.90;149183;44.659054;-1.194280;51.80;1.81;12;51;24;1010249.2
4.05;1.990846;9.142751;-1.746155;20.65;-1.675032;-9.153574;-1.581166;19.69;1.011150;23.31;-15.6750;-15.100;-14.8958;23.51;23.77;23.86;149683;44.659058;-1.194275;52.20;1.81;12;51;25;1010249.2
4.05;0.687689;8.364762;-2.139177;20.65;-1.013528;-9.186990;-2.244365;19.69;1.011134;23.30;-14.3083;-10.833;-11.7125;23.51;23.77;23.85;150192;44.659058;-1.194275;52.20;1.81;12;51;25;1010249.2
4.05;-0.202047;9.384100;-4.344889;20.65;0.114216;-7.817050;-4.466785;19.69;1.011122;23.30;-8.3292;2.867;-11.1292;23.47;23.79;23.88;150695;44.659061;-1.194270;52.70;1.81;12;51;26;1010249.2
4.04;2.149003;9.515523;-2.533895;20.65;-1.963813;-9.551283;-2.726017;19.69;1.011120;23.30;-11.7292;-12.100;-8.9792;23.54;23.76;23.86;151195;44.659061;-1.194270;52.70;1.81;12;51;26;1010249.2
4.05;3.202731;9.904056;-3.982341;20.65;-3.716652;-10.048496;-3.972715;19.69;1.011103;23.30;-15.4583;-17.300;-17.6500;23.47;23.78;23.85;151697;44.659061;-1.194269;52.40;1.81;12;51;27;1010249.2
4.05;1.519968;8.145282;-3.656352;20.65;-1.141908;-8.458852;-5.211233;19.69;1.011080;23.30;-13.5500;-11.400;-23.2000;23.50;23.76;23.84;152197;44.659061;-1.194269;52.40;1.81;12;51;27;1010249.2
4.05;2.730555;9.389734;-1.698573;20.65;-2.880333;-9.559414;-1.430790;19.69;1.011054;23.30;-8.5000;-4.883;-28.8292;23.53;23.78;23.86;152697;44.659061;-1.194270;52.40;1.81;12;51;28;1010249.2
4.05;1.263207;8.856762;-0.363296;20.65;-1.493534;-8.861100;-0.339555;19.69;1.011031;23.29;-16.3875;-8.700;-3.5208;23.49;23.75;23.82;153199;44.659061;-1.194270;52.40;1.81;12;51;28;1010249.2
4.05;-0.795920;9.355420;-3.446075;20.65;2.112643;-8.887785;-3.222780;19.69;1.011034;23.29;0.5333;0.100;-1.2417;23.53;23.76;23.81;153699;44.659061;-1.194270;52.50;1.81;12;51;29;1010249.2
4.04;1.133779;9.376419;-1.075274;20.65;-1.293980;-9.459413;-0.975523;19.69;1.011022;23.29;-12.8500;-13.650;-23.5208;23.51;23.77;23.83;154208;44.659061;-1.194270;52.50;1.81;12;51;29;1010249.2
4.04;1.147744;9.477766;-1.127594;20.65;-1.439967;-9.452979;-1.108143;19.69;1.011003;23.29;-12.4875;-2.000;-29.0750;23.47;23.79;23.81;154708;44.659058;-1.194273;52.50;1.81;12;51;30;1010249.2
4.04;-0.079003;8.874967;-2.185113;20.65;0.325839;-8.551671;-1.948601;19.69;1.010998;23.29;-2.7458;0.000;-6.5583;23.48;23.76;23.83;155215;44.659058;-1.194273;52.50;1.81;12;51;30;1010249.2
4.05;-0.343495;8.848681;-4.931180;20.65;-0.344493;-8.870177;-4.673471;19.69;1.010996;23.29;-8.7708;0.050;-10.4458;23.55;23.77;23.81;155716;44.659046;-1.194264;51.80;1.81;12;51;31;1010249.2
4.04;3.372736;9.514954;-3.059630;20.65;-3.334218;-9.391446;-2.803766;19.69;1.010994;23.28;-12.4958;3.833;-27.0042;23.51;23.75;23.79;156223;44.659046;-1.194264;51.80;1.81;12;51;31;1010249.2
4.04;3.199738;9.492379;-1.620268;20.65;-3.394055;-9.566746;-1.465603;19.69;1.010983;23.28;-16.2708;-4.483;-32.9708;23.50;23.77;23.78;156723;44.659046;-1.194265;51.90;1.81;12;51;32;1010249.2
4.03;1.874236;8.794416;-2.099077;20.65;-2.142668;-8.796212;-2.166160;19.69;1.010974;23.28;-10.0917;4.933;-24.4000;23.52;23.75;23.78;157225;44.659046;-1.194265;51.90;1.81;12;51;32;1010249.2
4.05;2.027355;8.482669;-2.808312;20.65;-2.389005;-8.937113;-2.836392;19.69;1.010965;23.28;-15.7750;-1.200;-28.3292;23.47;23.75;23.77;157733;44.659046;-1.194266;52.10;1.81;12;51;33;1010249.2
4.05;0.957866;8.095008;-4.250524;20.65;-1.099315;-8.699354;-3.962490;19.69;1.010963;23.28;-4.4667;3.483;-16.3167;23.47;23.76;23.76;158241;44.659046;-1.194266;52.10;1.81;12;51;33;1010249.2
4.04;1.339866;7.406497;-4.140647;20.65;-1.148991;-7.758345;-4.899758;19.69;1.010952;23.27;-15.6958;-1.667;-21.0917;23.51;23.77;23.73;158742;44.659046;-1.194267;52.30;1.81;12;51;34;1010249.2
4.04;-1.158168;7.434427;-5.500265;20.17;0.940759;-6.398678;-5.175373;19.69;1.010961;23.27;-1.0458;3.600;-6.2958;23.47;23.77;23.73;159251;44.659046;-1.194267;52.30;1.81;12;51;34;1010249.2
4.04;1.447598;8.162639;-5.390287;20.17;-2.036533;-7.597994;-5.834034;19.69;1.010953;23.27;-13.2792;3.400;-25.5125;23.49;23.75;23.76;159752;44.659050;-1.194259;52.40;1.81;12;51;35;1010249.2
4.04;2.347858;8.763793;-3.917901;20.17;-2.320127;-8.231717;-3.599493;19.69;1.010943;23.27;-16.7792;-11.883;-25.3542;23.47;23.75;23.72;160261;44.659050;-1.194259;52.40;1.81;12;51;35;1010249.2
4.04;2.275495;7.902544;-5.030354;20.65;-2.498654;-7.965709;-4.844517;19.20;1.010928;23.27;-9.1875;-0.750;-9.7417;23.49;23.75;23.73;160769;44.659054;-1.194254;52.70;1.81;12;51;36;1010249.2
4.04;2.272196;9.220208;-2.315688;20.65;-2.512748;-9.211230;-2.211647;19.69;1.010914;23.26;-16.2250;-5.467;-20.6708;23.49;23.73;23.71;161271;44.659054;-1.194254;52.70;1.81;12;51;36;1010249.2
4.04;1.751506;7.915663;-2.513386;20.65;-1.735777;-7.961773;-2.787959;19.69;1.010901;23.26;-17.8542;-1.950;-22.9833;23.44;23.75;23.68;161779;44.659058;-1.194254;52.80;1.81;12;51;37;1010249.2
4.04;3.543825;8.342555;-2.281181;20.65;-3.589397;-8.235336;-2.116548;19.69;1.010887;23.26;-25.1375;-8.633;-25.0208;23.45;23.71;23.69;162287;44.659058;-1.194254;52.80;1.81;12;51;37;1010249.2
4.05;3.371062;8.599951;-4.285686;20.65;-3.592411;-8.686286;-4.274514;19.69;1.010869;23.26;-23.0458;-10.850;-30.3458;23.46;23.74;23.68;162789;44.659058;-1.194252;52.90;1.81;12;51;38;1010249.2
4.04;2.351998;9.528192;-1.824211;20.65;-2.245563;-9.514824;-1.426401;19.69;1.010846;23.26;-18.8500;-17.833;-39.3917;23.42;23.72;23.67;163297;44.659058;-1.194252;52.90;1.81;12;51;38;1010249.2
4.05;1.682962;9.504101;-2.532648;20.65;-1.801667;-8.769927;-2.160773;19.69;1.010825;23.26;-22.4875;-11.383;-29.4917;23.47;23.71;23.68;163798;44.659058;-1.194252;52.90;1.81;12;51;39;1010249.2
4.05;2.353843;8.665936;-3.209363;20.65;-2.237184;-9.221056;-2.843724;19.69;1.010803;23.26;-22.4542;-13.783;-33.9958;23.46;23.73;23.70;164307;44.659058;-1.194252;52.90;1.81;12;51;39;1010249.2
4.04;2.250301;8.961801;-1.140811;20.17;-2.639133;-9.062350;-1.135874;19.69;1.010776;23.25;-24.3417;-9.683;-46.6958;23.48;23.77;23.63;164814;44.659046;-1.194252;53.30;1.81;12;51;40;1010249.2
4.05;2.193891;8.828633;-0.327286;20.65;-2.483919;-9.328588;-0.173618;19.20;1.010748;23.25;-8.9417;8.417;-37.3542;23.46;23.73;23.67;165316;44.659046;-1.194252;53.30;1.81;12;51;40;1010249.2
4.04;0.624695;9.219211;-2.406812;20.65;-0.806742;-8.838907;-2.256037;19.69;1.010718;23.25;-18.8958;-12.233;-33.6208;23.47;23.70;23.65;165824;44.659039;-1.194254;53.90;1.81;12;51;41;1010249.2
4.05;1.588796;7.092228;-3.700816;20.65;-2.397883;-6.488007;-3.402933;19.69;1.010713;23.25;0.9292;4.317;-4.0167;23.43;23.70;23.66;166333;44.659039;-1.194254;53.90;1.81;12;51;41;1010249.2
4.05;0.346837;8.742944;-4.097504;20.17;-1.105848;-8.354561;-3.459991;19.69;1.010716;23.24;-7.5958;-1.867;-15.6417;23.45;23.72;23.61;166833;44.659039;-1.194258;54.30;1.81;12;51;42;1010249.2
4.04;3.441935;9.022151;-2.964623;20.17;-4.285586;-9.124297;-3.725879;19.69;1.010724;23.24;-17.7917;-0.783;-30.3917;23.43;23.73;23.60;167341;44.659039;-1.194258;54.30;1.81;12;51;42;1010249.2
4.04;3.385277;8.677558;-3.140885;20.65;-3.543333;-8.737558;-3.331311;19.69;1.010715;23.24;-24.5208;-9.517;-39.8958;23.42;23.70;23.58;167841;44.659039;-1.194257;54.70;1.81;12;51;43;1010249.2
4.05;3.045736;9.185130;-3.333491;20.17;-3.216354;-9.095397;-3.098789;19.69;1.010698;23.24;-29.1208;-24.283;-28.4875;23.43;23.73;23.60;168349;44.659039;-1.194257;54.70;1.81;12;51;43;1010249.2
4.04;0.271225;8.851675;-3.289365;20.17;-0.471876;-8.880703;-3.057093;19.69;1.010679;23.24;-21.7833;-23.317;-27.9125;23.46;23.73;23.60;168858;44.659046;-1.194250;55.40;1.81;12;51;44;1010249.2
4.04;0.590930;8.985990;-4.350425;20.17;-0.810433;-9.028535;-4.345538;19.69;1.010683;23.23;-9.0333;2.450;-19.0667;23.44;23.74;23.60;169359;44.659046;-1.194250;55.40;1.81;12;51;44;1010249.2
4.04;-3.796503;8.004034;-4.927589;20.17;0.462699;-7.569016;-6.623718;19.20;1.010684;23.23;-0.4625;5.517;-14.3542;23.41;23.71;23.58;169866;44.659054;-1.194244;55.80;1.81;12;51;45;1010249.2
4.04;3.640267;7.242579;-2.657886;20.17;-4.280947;-7.220084;-2.581227;19.20;1.010668;23.23;-16.2750;-0.517;-14.0583;23.41;23.72;23.58;170375;44.659054;-1.194244;55.80;1.81;12;51;45;1010249.2
4.04;5.283310;8.613254;-7.311493;20.17;-6.273460;-8.324813;-7.084659;19.69;1.010659;23.23;-0.4875;-0.367;1.9458;23.41;23.69;23.58;170884;44.659054;-1.194237;56.50;1.81;12;51;46;1010249.2
4.04;-4.441199;8.116903;-2.780232;20.17;3.834658;-8.162690;-2.334142;19.69;1.010640;23.22;-3.0792;-0.750;-13.6833;23.40;23.74;23.57;171392;44.659054;-1.194237;56.50;1.81;12;51;46;1010249.2
4.04;2.887365;7.957698;-0.332074;20.17;-3.424529;-8.138249;-0.671579;19.69;1.010635;23.22;-18.0500;-11.583;-24.6583;23.41;23.69;23.57;171895;44.659058;-1.194231;57.20;1.81;12;51;47;1010249.2
4.04;2.872303;9.413128;-1.192932;20.17;-3.776154;-8.996814;-1.501115;19.69;1.010613;23.22;-24.2500;-12.600;2.0708;23.43;23.71;23.55;172397;44.659058;-1.194231;57.20;1.81;12;51;47;1010249.2
4.04;1.852790;8.509776;1.583660;20.17;-2.068054;-8.245034;1.599869;19.20;1.010595;23.22;-20.8000;-22.233;-15.5375;23.37;23.70;23.55;172902;44.659054;-1.194218;57.70;1.81;12;51;48;1010249.2
4.04;2.373843;8.452718;1.024451;20.17;-3.622087;-8.520947;1.318220;19.69;1.010586;23.22;-22.0833;-21.150;6.8250;23.42;23.72;23.53;173403;44.659054;-1.194218;57.70;1.81;12;51;48;1010249.2
4.04;2.608260;8.602794;-0.894524;20.17;-3.588721;-8.522793;-0.803501;19.69;1.010587;23.21;-18.1292;-25.500;-2.9708;23.40;23.67;23.52;173908;44.659054;-1.194211;57.80;1.81;12;51;49;1010249.2
4.05;4.103539;9.779116;0.583249;20.17;-3.814608;-9.443152;0.787540;19.20;1.010575;23.21;-22.9500;-21.233;13.2458;23.40;23.69;23.53;174417;44.659054;-1.194211;57.80;1.81;12;51;49;1010249.2
4.04;-3.746178;8.108872;2.665842;20.17;3.071682;-8.177053;2.282894;19.20;1.010575;23.21;-8.6750;-6.767;10.2500;23.42;23.66;23.52;174925;44.659065;-1.194209;56.70;1.81;12;51;50;1010249.2
4.04;3.605087;8.198871;-0.531435;20.17;-3.127432;-8.273855;0.330121;19.20;1.010569;23.21;-24.4167;-11.783;11.2958;23.36;23.67;23.53;175433;44.659065;-1.194209;56.70;1.81;12;51;50;1010249.2
4.05;1.776779;6.723921;-1.244803;20.17;-2.495690;-7.105370;-2.076408;19.69;1.010563;23.20;-12.3250;-7.200;7.2042;23.40;23.67;23.53;175939;44.659073;-1.194205;56.80;1.81;12;51;51;1010249.2
4.04;-0.989837;9.083697;3.868549;20.65;0.846893;-9.230333;4.285586;19.20;1.010569;23.20;-0.0375;3.683;3.3250;23.40;23.67;23.50;176440;44.659073;-1.194205;56.80;1.81;12;51;51;1010249.2
4.05;5.572349;7.976288;-2.400712;20.17;-5.683586;-7.839679;-2.176185;19.20;1.010565;23.20;-21.1375;-15.883;-3.0125;23.39;23.67;23.52;176944;44.659073;-1.194190;56.50;1.81;12;51;52;1010249.2
4.04;-0.077358;4.221271;-0.563149;20.17;-0.396539;-4.306734;-0.447885;19.20;1.010543;23.20;-16.1750;2.450;11.2875;23.37;23.67;23.52;177445;44.659073;-1.194190;56.50;1.81;12;51;52;1010249.2
4.05;4.547684;7.419687;0.185189;20.17;-5.190086;-7.601336;0.320253;19.20;1.010542;23.19;-4.2792;-0.300;-0.8167;23.41;23.67;23.52;177947;44.659073;-1.194167;56.40;1.81;12;51;53;1010249.2
4.04;2.437050;7.829589;-1.777576;20.17;-2.435639;-7.721472;-1.700326;19.20;1.010546;23.19;0.6458;-0.450;-0.9167;23.37;23.66;23.53;178454;44.659073;-1.194167;56.40;1.81;12;51;53;1010249.2
4.04;3.451587;9.088161;-2.878637;20.17;-5.493505;-8.530325;-3.095298;19.20;1.010555;23.19;-13.5875;-1.267;2.5750;23.39;23.69;23.53;178962;44.659065;-1.194143;56.30;1.81;12;51;54;1010249.2
4.04;1.823512;8.474314;-2.941189;20.17;-2.201964;-8.704699;-2.574814;19.20;1.010548;23.19;-21.6208;-4.317;-4.3875;23.38;23.66;23.51;179471;44.659065;-1.194143;56.30;1.81;12;51;54;1010249.2
4.04;-8.020093;9.366543;-4.306534;20.17;5.787674;-9.448240;-4.922152;19.20;1.010548;23.18;-6.5125;3.483;-3.4792;23.37;23.67;23.53;179978;44.659058;-1.194129;56.20;1.81;12;51;55;1010249.2
4.04;5.000931;7.239835;-4.738459;20.17;-5.452832;-7.037041;-3.987378;19.20;1.010530;23.18;-23.9292;-7.517;-5.0667;23.36;23.64;23.51;180485;44.659058;-1.194129;56.20;1.81;12;51;55;1010249.2
4.04;-7.100234;9.091802;-1.135225;20.17;4.648434;-8.437506;-1.006321;19.20;1.010520;23.18;-2.6792;-0.033;-6.3208;23.36;23.66;23.52;180991;44.659027;-1.194097;54.80;1.81;12;51;56;1010249.2
4.04;-2.469555;6.401121;1.806230;20.17;1.148891;-6.656237;-0.511602;19.20;1.010504;23.17;-5.8125;-4.283;-5.1167;23.38;23.65;23.56;181494;44.659027;-1.194097;54.80;1.81;12;51;56;1010249.2
4.04;-0.991283;6.928061;-5.813385;20.17;1.852316;-6.861177;-5.879570;19.20;1.010495;23.17;1.2833;-2.017;1.0833;23.34;23.66;23.52;182000;44.659000;-1.194078;54.70;1.81;12;51;57;1010249.2
4.04;0.733126;6.465961;-1.213481;20.17;-0.522300;-6.775840;-1.463109;19.20;1.010493;23.17;0.3417;-0.383;-1.4125;23.35;23.65;23.53;182500;44.659000;-1.194078;54.70;12.32;12;51;57;1010249.2
4.04;0.080649;7.207815;-6.124859;20.17;-0.056958;-8.869231;-2.487261;19.20;1.010482;23.17;-0.9917;6.517;-14.1167;23.34;23.64;23.48;183000;44.658985;-1.194076;55.00;12.32;12;51;58;1010249.2
4.04;2.338581;5.695852;-1.263881;20.17;-2.369205;-5.664256;-0.372922;19.20;1.010423;23.16;-31.6083;-15.067;15.3125;23.33;23.65;23.50;183508;44.658985;-1.194076;55.00;12.32;12;51;58;1010249.2
4.04;3.139064;4.870606;-0.169777;20.17;-3.939697;-5.215223;-0.009925;19.20;1.010380;23.16;-10.6833;-2.250;4.3125;23.34;23.65;23.48;184012;44.658966;-1.194064;55.30;12.32;12;51;59;1010249.2
4.05;6.219824;6.175658;-1.365901;20.17;-6.728008;-8.807086;-1.339517;19.20;1.010353;23.16;-30.4333;-17.950;-18.1000;23.36;23.63;23.53;184515;44.658966;-1.194064;55.30;9.37;12;51;59;1010249.2
4.03;4.894421;8.736611;1.382460;20.17;-4.983949;-8.686834;1.385353;19.20;1.010337;23.16;-16.1583;-16.333;5.5583;23.33;23.61;23.50;185022;44.658958;-1.194057;55.80;9.37;12;52;0;1010249.2
4.04;2.291142;9.536329;0.313534;20.17;-2.311662;-9.364085;0.452047;19.20;1.010320;23.15;-18.7208;-17.300;-3.3000;23.32;23.63;23.46;185531;44.658958;-1.194057;55.80;9.37;12;52;0;1010249.2
4.04;5.716002;8.193562;3.422384;20.17;-6.114586;-8.297403;3.506375;19.20;1.010294;23.15;-27.0583;-25.567;13.9333;23.34;23.61;23.50;186033;44.658962;-1.194067;57.40;9.37;12;52;1;1010249.2
4.04;2.938496;9.065737;0.745888;20.17;-2.354972;-9.330639;0.858169;19.20;1.010275;23.15;-19.9667;-16.150;-3.6083;23.31;23.60;23.48;186542;44.658962;-1.194067;57.40;3.37;12;52;1;1010249.2
4.04;-0.902896;9.850911;-0.392666;20.17;0.476671;-9.338008;0.001838;19.20;1.010265;23.14;-2.4000;-5.333;3.7875;23.34;23.61;23.48;187043;44.658962;-1.194071;57.40;3.37;12;52;2;1010249.2
4.04;-6.239076;5.602384;0.212671;20.17;4.740728;-5.659916;-0.124490;19.20;1.010241;23.14;-13.8083;-8.550;4.4125;23.38;23.66;23.49;187544;44.658962;-1.194071;57.40;0.00;12;52;2;1010249.2
4.04;3.722188;8.111067;4.799258;20.17;-3.223978;-8.294861;5.237368;19.20;1.010210;23.14;-4.8000;15.083;23.7333;23.35;23.61;23.52;188050;44.658966;-1.194084;58.00;0.00;12;52;3;1010249.2
4.04;4.204239;8.543691;-0.778114;20.17;-4.311572;-8.619403;-0.907642;19.20;1.010193;23.13;-11.2750;1.983;17.7042;23.33;23.64;23.49;188559;44.658966;-1.194084;58.00;2.91;12;52;3;1010249.2
4.04;1.413333;9.435871;1.926856;20.17;-1.667501;-9.561707;1.815233;19.20;1.010192;23.13;-9.5917;1.117;20.6542;23.28;23.61;23.49;189062;44.658985;-1.194105;59.10;2.91;12;52;4;1010249.2
4.04;3.656801;9.190632;1.470142;20.17;-4.018950;-8.872473;1.858575;19.20;1.010184;23.13;-18.4958;-5.900;28.6208;23.33;23.61;23.50;189570;44.658985;-1.194105;59.10;5.59;12;52;4;1010249.2
4.04;1.705556;8.927237;0.924949;20.17;-1.997579;-8.892822;1.129340;19.20;1.010169;23.13;-19.5708;-5.167;28.9708;23.34;23.59;23.47;190073;44.658985;-1.194105;59.10;5.59;12;52;4;1010249.2
4.04;2.292246;9.364649;0.216511;20.17;-2.301523;-9.253675;0.560256;19.20;1.010165;23.12;-15.6583;-8.417;23.6917;23.33;23.62;23.47;190581;44.658985;-1.194109;59.10;1.56;12;52;5;1010249.2
4.05;2.714046;9.531333;1.368096;20.17;-2.652749;-9.564301;1.438421;19.20;1.010165;23.12;-19.7542;-9.383;20.8208;23.34;23.62;23.48;191090;44.658985;-1.194109;59.10;1.56;12;52;5;1010249.2
4.04;2.719804;9.082187;1.865643;20.17;-2.879606;-9.206464;2.108724;19.20;1.010167;23.12;-20.4625;-9.583;15.6583;23.30;23.59;23.49;191591;44.658985;-1.194115;59.10;0.00;12;52;6;1010249.2
4.04;3.427521;9.964256;2.544718;20.17;-3.514056;-9.632731;2.760780;19.20;1.010163;23.11;-18.0000;-7.050;23.4542;23.33;23.58;23.50;192099;44.658985;-1.194115;59.10;0.00;12;52;6;1010249.2
4.04;1.174428;8.386482;1.260563;20.17;-1.388196;-8.525038;1.281561;19.20;1.010153;23.11;-6.4625;9.283;18.8042;23.28;23.60;23.49;192607;44.658989;-1.194119;59.10;0.00;12;52;7;1010249.2
4.04;0.071572;9.415073;1.698973;20.17;-0.635269;-8.656411;0.773426;19.20;1.010144;23.11;-5.0667;1.950;13.9417;23.33;23.60;23.47;193113;44.658989;-1.194119;59.10;0.00;12;52;7;1010249.2
4.05;2.184564;9.109483;1.412386;20.17;-2.299977;-9.119409;1.543709;19.20;1.010129;23.10;-13.6000;-2.050;20.0875;23.33;23.57;23.45;193619;44.658989;-1.194123;59.10;0.00;12;52;8;1010249.2
4.04;2.293194;9.810104;0.934233;20.17;-2.429654;-9.800314;1.095659;19.20;1.010121;23.10;-12.8875;-7.767;17.2667;23.32;23.56;23.48;194127;44.658989;-1.194123;59.10;0.00;12;52;8;1010249.2
4.04;1.626702;9.777172;0.498460;20.17;-1.627949;-9.817022;0.537014;19.20;1.010110;23.09;-8.0875;-10.600;18.0625;23.28;23.60;23.45;194634;44.658993;-1.194127;59.10;0.00;12;52;9;1010249.2
4.04;0.470629;9.596970;0.068529;20.17;-0.662402;-9.500161;0.179254;19.20;1.010092;23.09;-7.2250;-11.800;20.9500;23.30;23.58;23.49;195139;44.658993;-1.194127;59.10;0.00;12;52;9;1010249.2
4.04;1.409094;10.029493;0.729784;20.17;-1.907255;-9.869891;0.582251;19.20;1.010059;23.09;-1.6625;-14.150;24.3875;23.28;23.56;23.47;195648;44.658993;-1.194131;59.10;0.00;12;52;10;1010249.2
4.04;0.153219;9.022099;-0.621254;20.17;-0.371176;-8.923146;-0.409930;19.20;1.010034;23.08;1.4292;-10.650;26.2458;23.30;23.58;23.50;196154;44.658993;-1.194131;59.10;0.00;12;52;10;1010249.2
4.05;0.518809;8.705787;-1.038416;20.17;-0.495766;-8.557956;-0.956370;19.20;1.010013;23.08;-3.3542;-4.017;18.8500;23.26;23.59;23.41;196662;44.658997;-1.194136;59.10;0.00;12;52;11;1010249.2
4.04;0.755071;9.772782;0.690881;20.17;-0.600456;-9.784604;0.604496;19.20;1.009998;23.08;-4.5792;-5.083;19.8625;23.28;23.58;23.47;197168;44.658997;-1.194136;59.10;0.00;12;52;11;1010249.2
4.04;2.041570;10.668754;1.070835;20.17;-2.323020;-10.686011;1.266100;19.20;1.009991;23.07;-1.9750;-16.317;18.3708;23.30;23.56;23.44;197674;44.658997;-1.194145;60.00;0.00;12;52;13;1010249.2
4.04;0.911681;9.862512;0.448035;20.17;-1.188493;-9.802806;0.295814;19.20;1.009975;23.07;2.0208;-21.417;23.6292;23.30;23.55;23.46;198183;44.658997;-1.194145;60.00;0.00;12;52;13;1010249.2
4.04;-0.141947;9.682158;-0.772827;20.17;0.207135;-9.543952;-1.432186;19.20;1.009959;23.07;-12.1625;-18.300;16.1750;23.28;23.54;23.48;198686;44.658997;-1.194154;60.10;2.82;12;52;14;1010249.2
4.04;0.629284;9.819915;1.182657;20.17;-1.116223;-9.768543;1.400465;19.20;1.009936;23.06;-16.7458;-11.833;13.9500;23.24;23.55;23.49;199192;44.658997;-1.194154;60.10;2.82;12;52;14;1010249.2
4.04;2.442921;9.506345;0.858215;20.17;-2.636689;-9.542405;0.809785;19.20;1.009925;23.06;-5.2625;-0.133;15.6708;23.30;23.56;23.47;199692;44.658997;-1.194160;60.20;2.82;12;52;15;1010249.2
4.04;2.419430;9.494874;1.911543;20.17;-3.234003;-10.433837;2.358282;19.20;1.009931;23.06;-3.7417;0.300;14.9333;23.28;23.54;23.48;200201;44.658997;-1.194160;60.20;2.82;12;52;15;1010249.2
4.04;-0.596466;7.513304;-1.106646;20.17;0.129527;-7.745428;-1.020760;19.20;1.009934;23.05;-7.0875;-1.383;4.0917;23.26;23.54;23.45;200710;44.658997;-1.194152;60.30;2.82;12;52;16;1010249.2
4.04;-0.997204;8.896648;0.784177;20.17;0.726934;-8.995488;0.959712;19.20;1.009934;23.05;-5.8667;0.200;10.9292;23.26;23.56;23.47;201211;44.658997;-1.194152;60.30;2.82;12;52;16;1010249.2
4.04;2.235936;11.028409;2.022318;20.17;-2.405066;-10.983121;2.135885;19.20;1.009933;23.05;-5.1250;-12.000;19.0417;23.28;23.54;23.45;201711;44.658997;-1.194146;60.30;2.82;12;52;17;1010249.2
4.05;0.529732;11.073247;-0.522799;20.17;-0.646691;-11.080630;-0.455367;19.20;1.009915;23.04;0.0667;-10.100;30.7750;23.26;23.54;23.49;202212;44.658997;-1.194146;60.30;2.82;12;52;17;1010249.2
4.04;0.778962;6.433349;-1.577418;20.17;-1.339467;-6.527401;-1.474175;19.20;1.009897;23.04;-2.0333;-0.950;9.3667;23.26;23.53;23.47;202720;44.659000;-1.194149;60.60;2.82;12;52;18;1010249.2
4.04;-0.678961;10.427503;0.059552;20.17;0.750483;-10.190044;0.058405;19.20;1.009878;23.03;-2.8750;1.033;10.7042;23.30;23.50;23.45;203220;44.659000;-1.194149;60.60;2.82;12;52;18;1010249.2
4.04;1.427498;9.494226;-0.124091;20.17;-1.962217;-9.731586;0.414868;19.20;1.009865;23.03;-2.9333;-17.667;-7.1833;23.26;23.50;23.49;203721;44.659008;-1.194145;60.80;2.82;12;52;19;1010249.2
4.04;0.841079;10.523978;-0.430714;20.17;-1.021786;-10.217774;-0.079688;19.20;1.009847;23.03;8.8792;-1.033;-32.2875;23.24;23.55;23.47;204229;44.659008;-1.194145;60.80;2.82;12;52;19;1010249.2
4.04;-0.798164;8.747832;1.344804;20.17;0.954076;-9.290582;1.167595;19.20;1.009821;23.02;-5.3625;-13.600;-0.8375;23.24;23.50;23.50;204729;44.659019;-1.194134;60.90;2.82;12;52;20;1010249.2
4.04;0.355216;9.654552;-1.487299;20.17;-0.773076;-9.407790;-0.955722;19.20;1.009810;23.02;0.4625;2.750;-2.4167;23.24;23.49;23.42;205230;44.659019;-1.194134;60.90;2.82;12;52;20;1010249.2
4.04;0.469881;10.009643;-1.658124;20.17;-0.314268;-9.824703;-1.308145;19.20;1.009783;23.01;6.1375;-7.067;21.9083;23.25;23.52;23.45;205739;44.659039;-1.194129;60.90;2.82;12;52;21;1010249.2
4.04;-0.998865;9.512431;-1.320714;20.17;0.982455;-9.125742;-0.636566;19.20;1.009759;23.01;7.9125;-16.500;-4.0167;23.25;23.52;23.44;206248;44.659039;-1.194129;60.90;2.82;12;52;21;1010249.2
4.04;-0.095961;9.173672;1.672089;20.17;0.427686;-9.251679;1.462262;19.20;1.009743;23.01;-11.5458;-9.783;-2.6458;23.25;23.52;23.43;206754;44.659042;-1.194131;61.40;2.82;12;52;22;1010249.2
4.04;-0.543198;10.365832;-0.878514;20.17;0.326937;-9.832583;-0.530280;19.20;1.009730;23.01;-1.3667;7.917;-19.5875;23.24;23.51;23.42;207263;44.659042;-1.194131;61.40;2.82;12;52;22;1010249.2
4.04;0.503098;10.771797;-1.351986;20.17;-0.318707;-9.736922;-1.651790;19.20;1.009701;23.00;7.1875;-19.900;27.5042;23.24;23.49;23.41;207765;44.659050;-1.194137;61.00;2.82;12;52;23;1010249.2
4.04;0.100999;10.535983;-0.414968;20.17;-0.190676;-10.729302;-0.460105;19.20;1.009669;23.00;21.3292;-27.883;-5.0542;23.22;23.50;23.42;208273;44.659050;-1.194137;61.00;2.82;12;52;23;1010249.2
4.04;-2.654695;9.386615;0.604923;20.17;2.449662;-9.449801;0.747326;19.20;1.009635;22.99;21.6875;-13.200;-16.4167;23.25;23.48;23.41;208779;44.659050;-1.194141;61.30;2.82;12;52;24;1010249.2
4.04;-2.500278;7.837798;0.930335;20.17;2.285114;-7.849567;1.206149;19.20;1.009599;22.99;-8.3000;-16.067;-0.3500;23.20;23.47;23.42;209280;44.659050;-1.194141;61.30;2.82;12;52;24;1010249.2
4.04;-6.488554;8.443341;-5.121432;20.17;5.604454;-8.527781;-4.764618;19.20;1.009596;22.99;-11.8708;-3.917;1.6292;23.26;23.50;23.37;209788;44.659050;-1.194145;61.50;2.82;12;52;25;1010249.2
4.04;-0.609156;8.870784;0.727190;20.17;0.104996;-8.993735;0.861086;19.20;1.009595;22.98;-1.9750;0.850;-8.1000;23.22;23.47;23.41;210295;44.659050;-1.194145;61.50;2.82;12;52;25;1010249.2
4.04;4.120323;9.027287;-3.045572;20.17;-4.389178;-8.856612;-3.205574;19.20;1.009591;22.98;-13.8625;-19.650;-1.3250;23.25;23.47;23.41;210804;44.659058;-1.194144;61.00;2.82;12;52;26;1010249.2
4.04;2.592998;9.848145;-0.786344;20.17;-2.326361;-9.829291;-0.609833;19.20;1.009581;22.97;-11.9583;-16.783;-8.7333;23.20;23.44;23.40;211310;44.659058;-1.194144;61.00;2.82;12;52;26;1010249.2
4.04;-0.068330;9.223749;-1.766205;20.17;0.218856;-9.588440;-2.023315;19.20;1.009567;22.97;-19.6333;-18.817;6.5667;23.20;23.49;23.40;211819;44.659073;-1.194147;61.10;2.82;12;52;27;1010249.2
4.03;1.137370;9.043173;-2.906069;20.17;-1.121659;-9.261207;-2.538284;19.20;1.009558;22.97;-11.9125;-15.200;-23.7042;23.22;23.46;23.42;212327;44.659073;-1.194147;61.10;2.82;12;52;27;1010249.2
4.04;-0.832528;8.752172;-3.933014;20.17;0.148431;-8.307081;-3.420190;19.20;1.009548;22.96;-6.5083;-3.117;-22.4792;23.22;23.44;23.36;212835;44.659088;-1.194150;61.40;2.82;12;52;28;1010249.2
4.04;0.356014;8.320646;-3.118540;20.17;-0.850035;-8.767734;-2.968663;19.20;1.009539;22.96;-14.8542;-4.517;-10.8667;23.18;23.47;23.37;213337;44.659088;-1.194150;61.40;2.82;12;52;28;1010249.2
4.04;1.646304;9.842559;-2.903076;20.17;-1.690843;-9.995429;-2.676790;19.20;1.009528;22.96;-16.2000;-15.717;-5.1625;23.23;23.46;23.41;213844;44.659103;-1.194150;61.70;2.82;12;52;29;1010249.2
4.04;2.149402;9.335171;-2.081022;20.17;-2.424268;-9.426045;-2.003465;19.20;1.009514;22.95;-5.5833;-26.567;-12.8417;23.19;23.43;23.39;214353;44.659103;-1.194150;61.70;2.82;12;52;29;1010249.2
4.04;1.608747;9.760264;-2.642823;20.17;-1.021857;-9.724953;-2.400926;19.20;1.009489;22.95;-10.5167;-28.833;-8.3792;23.18;23.42;23.37;214853;44.659115;-1.194157;62.10;2.82;12;52;30;1010249.2
4.04;-0.987044;10.125605;0.640706;20.17;0.925946;-10.060668;0.804748;19.20;1.009475;22.95;-5.4250;2.300;-44.5750;23.18;23.44;23.39;215362;44.659115;-1.194157;62.10;2.82;12;52;30;1010249.2
4.04;-0.679352;8.335116;-1.386151;20.17;0.530067;-8.416044;-1.336304;19.20;1.009453;22.94;-13.1500;-16.917;-6.6167;23.19;23.42;23.37;215871;44.659115;-1.194172;62.90;2.82;12;52;31;1010249.2
4.03;2.454991;10.018920;-2.476887;20.17;-2.528010;-9.926749;-2.225113;19.20;1.009449;22.94;-11.1042;-18.083;-25.6167;23.18;23.42;23.37;216371;44.659115;-1.194172;62.90;2.82;12;52;31;1010249.2
4.04;-0.604695;9.184546;-2.084363;20.17;0.387037;-9.269086;-2.088403;19.20;1.009431;22.93;-16.7292;-13.417;12.2583;23.19;23.47;23.36;216877;44.659115;-1.194173;63.20;2.82;12;52;32;1010249.2
4.04;1.711912;8.981722;-3.703456;20.17;-1.849697;-9.003525;-3.424978;19.20;1.009414;22.93;-13.2375;-9.983;-30.4417;23.18;23.42;23.36;217378;44.659115;-1.194173;63.20;2.82;12;52;32;1010249.2
4.04;0.761056;9.799216;-0.863252;20.17;-0.857267;-9.820714;-0.796119;19.20;1.009398;22.93;-11.5375;-21.500;-22.6500;23.18;23.43;23.36;217885;44.659111;-1.194169;63.60;2.82;12;52;33;1010249.2
4.04;-0.888489;9.541808;-0.836469;20.17;0.643050;-9.523354;-0.851431;19.20;1.009380;22.92;-14.3833;-17.000;-5.3208;23.19;23.41;23.36;218393;44.659111;-1.194169;63.60;2.82;12;52;33;1010249.2
4.04;-0.615469;8.975667;-0.916021;20.17;0.258756;-9.093972;-1.081359;19.20;1.009368;22.92;-11.3333;-17.433;-2.4167;23.18;23.39;23.37;218901;44.659111;-1.194169;64.00;2.82;12;52;34;1010249.2
4.04;1.678573;9.760513;-1.166248;20.17;-1.680169;-9.716870;-0.955173;19.20;1.009364;22.92;-11.6083;-18.183;-12.2917;23.17;23.39;23.34;219408;44.659111;-1.194169;64.00;2.82;12;52;34;1010249.2
4.04;0.764939;9.278285;-1.434245;20.17;-1.054747;-9.312100;-1.404063;19.20;1.009364;22.92;-7.5542;-14.633;-7.2667;23.16;23.42;23.34;219914;44.659119;-1.194166;64.00;2.82;12;52;35;1010249.2
4.04;1.895733;9.291881;-2.200275;20.17;-2.213442;-9.264598;-2.077231;19.20;1.009371;22.91;-14.4500;-16.100;-2.2375;23.18;23.39;23.35;220422;44.659119;-1.194166;64.00;2.82;12;52;35;1010249.2
4.04;2.886817;9.425647;-1.928302;20.17;-2.617287;-9.407144;-1.725457;19.20;1.009367;22.91;-16.5917;-24.167;-2.5208;23.18;23.41;23.32;220925;44.659126;-1.194164;63.60;2.82;12;52;36;1010249.2
4.03;0.657215;8.788980;-2.077281;20.17;-0.709884;-8.872173;-2.050847;19.20;1.009382;22.91;-17.9750;-23.533;-12.3167;23.14;23.41;23.36;221427;44.659126;-1.194164;63.60;2.82;12;52;36;1010249.2
4.04;0.840658;9.715324;-1.809398;20.17;-1.074177;-9.668692;-1.751342;19.20;1.009393;22.90;-11.2125;-24.467;-7.8542;23.13;23.38;23.33;221933;44.659138;-1.194169;63.50;2.82;12;52;37;1010249.2
4.04;-0.220202;9.412229;-4.492970;20.17;-0.380902;-9.489886;-4.921354;19.20;1.009415;22.90;-15.7417;-18.167;5.4458;23.17;23.40;23.32;222440;44.659138;-1.194169;63.50;2.82;12;52;37;1010249.2
4.04;1.024700;8.855366;-3.413307;20.17;-1.261411;-9.045394;-3.081981;19.20;1.009422;22.90;-20.0708;-20.000;3.9792;23.16;23.38;23.33;222947;44.659149;-1.194170;63.50;2.82;12;52;38;1010249.2
4.03;1.589744;9.424399;-3.091857;20.17;-1.617126;-9.504750;-2.567761;19.20;1.009429;22.89;-14.0958;-22.083;-8.4375;23.15;23.35;23.30;223454;44.659149;-1.194170;63.50;2.82;12;52;38;1010249.2
4.04;1.361362;9.442406;-3.280737;20.17;-1.534482;-9.450635;-3.084575;19.20;1.009435;22.89;-16.5917;-21.817;-2.3333;23.16;23.39;23.33;223962;44.659149;-1.194173;63.80;2.82;12;52;39;1010249.2
4.04;1.763854;9.291665;-2.656704;20.17;-1.821268;-9.311289;-2.539438;19.20;1.009440;22.89;-14.2875;-17.050;-13.6542;23.14;23.33;23.33;224470;44.659149;-1.194173;63.80;0.00;12;52;39;1010249.2
4.04;2.578135;9.788693;-3.207867;20.17;-2.754496;-9.768743;-3.191908;19.20;1.009431;22.88;-15.5333;-10.200;12.3958;23.11;23.37;23.31;224977;44.659149;-1.194174;63.80;0.00;12;52;40;1010249.2
4.04;1.329720;8.182967;-1.672196;20.17;-1.424712;-8.207934;-1.462376;18.72;1.009428;22.88;-12.3417;-11.700;-16.7750;23.15;23.35;23.33;225486;44.659149;-1.194174;63.80;0.00;12;52;40;1010249.2
4.04;1.689995;9.409786;-1.287895;20.17;-1.821268;-9.406842;-1.193031;19.20;1.009432;22.88;-12.1792;-8.850;-4.1333;23.08;23.37;23.31;225991;44.659149;-1.194175;63.90;0.00;12;52;41;1010249.2
4.04;1.441214;9.425447;-2.557586;20.17;-1.659271;-9.389337;-2.420976;19.20;1.009441;22.87;-13.4333;-8.983;-7.7625;23.10;23.33;23.33;226497;44.659149;-1.194175;63.90;0.00;12;52;41;1010249.2
4.04;4.496099;8.586963;-3.195662;20.17;-4.563687;-8.584311;-2.974299;19.20;1.009456;22.87;-17.3833;-9.750;-15.5083;23.14;23.37;23.32;227004;44.659142;-1.194156;63.60;0.00;12;52;42;1010249.2
4.04;3.156346;8.693719;-1.928701;20.17;-3.262582;-8.662644;-1.829498;19.20;1.009459;22.86;-20.5667;-16.017;-9.0667;23.13;23.36;23.31;227511;44.659142;-1.194156;63.60;6.82;12;52;42;1010249.2
4.04;3.403332;9.217166;-2.366960;20.17;-3.544031;-9.245046;-2.283817;19.20;1.009465;22.86;-23.0625;-16.250;-7.1042;23.10;23.33;23.33;228018;44.659134;-1.194144;63.60;6.82;12;52;43;1010249.2
4.05;2.422273;8.971576;-1.716729;20.17;-2.358033;-9.047039;-1.463807;18.72;1.009468;22.86;-19.1333;-8.783;-4.9167;23.14;23.33;23.33;228527;44.659134;-1.194144;63.60;3.82;12;52;43;1010249.2
4.04;3.693959;7.781936;-3.398843;20.17;-3.899497;-7.688669;-3.225025;18.72;1.009467;22.86;-21.2250;-10.000;-8.7792;23.10;23.34;23.31;229034;44.659126;-1.194136;63.70;3.82;12;52;44;1010249.2
4.04;5.661562;8.084535;-2.466862;19.69;-5.765454;-8.206979;-2.407011;19.20;1.009462;22.85;-23.8417;-14.033;-10.7083;23.12;23.33;23.32;229537;44.659126;-1.194136;63.70;4.17;12;52;44;1010249.2
4.03;3.398244;8.533616;-1.331537;19.69;-3.732512;-8.515660;-1.400814;19.20;1.009461;22.85;-20.3167;-11.183;-11.9333;23.09;23.37;23.29;230044;44.659119;-1.194123;63.80;4.17;12;52;45;1010249.2
4.04;5.525451;8.434812;-3.052804;20.17;-5.730541;-8.537008;-2.699633;19.20;1.009458;22.85;-27.0000;-16.567;-11.8875;23.11;23.33;23.33;230553;44.659119;-1.194123;63.80;5.65;12;52;45;1010249.2
4.04;5.767448;7.471609;-2.506314;19.69;-5.745005;-7.619490;-2.309005;19.20;1.009447;22.84;-33.8042;-15.200;-5.8542;23.12;23.30;23.27;231055;44.659107;-1.194115;64.00;5.65;12;52;46;1010249.2
4.04;4.114063;7.316046;-3.220935;20.17;-3.674906;-7.144673;-2.470802;19.20;1.009439;22.84;-22.1958;-3.167;-14.3917;23.08;23.33;23.33;231562;44.659107;-1.194115;64.00;4.93;12;52;46;1010249.2
4.04;5.956030;8.686736;-1.700818;19.69;-6.086406;-8.655112;-1.573185;19.20;1.009419;22.84;-36.6792;-21.167;-15.1250;23.09;23.33;23.31;232068;44.659096;-1.194112;64.40;4.93;12;52;47;1010249.2
4.04;1.053878;8.395061;-0.046185;20.17;-1.150437;-8.359399;0.136161;19.20;1.009404;22.84;-22.5583;-10.633;-17.8542;23.12;23.34;23.30;232569;44.659096;-1.194112;64.40;4.67;12;52;47;1010249.2
4.04;7.226120;8.133611;-3.277694;19.69;-6.774842;-7.923036;-2.232296;19.20;1.009383;22.83;-34.3875;-17.267;-10.2917;23.08;23.33;23.30;233078;44.659088;-1.194114;65.00;4.67;12;52;48;1010249.2
4.03;4.434416;8.500000;-0.685844;20.17;-4.542497;-8.431869;-0.548136;18.72;1.009356;22.83;-26.3917;-15.367;-28.3333;23.12;23.27;23.33;233579;44.659088;-1.194114;65.00;3.39;12;52;48;1010249.2
4.03;3.318486;7.801375;-1.005156;19.69;-3.392701;-7.755589;-0.826800;19.20;1.009328;22.83;-20.2375;-7.217;-24.3458;23.10;23.32;23.30;234085;44.659088;-1.194114;65.00;3.39;12;52;48;1010249.2
4.04;3.514106;8.519550;-2.464667;19.69;-3.688472;-8.564290;-2.306960;18.72;1.009309;22.82;-24.7792;-8.833;-23.3083;23.08;23.30;23.27;234593;44.659081;-1.194120;65.00;3.30;12;52;49;1010249.2
4.04;3.242881;9.076915;-1.848401;19.69;-3.371411;-9.072026;-1.748898;19.20;1.009290;22.82;-24.9167;-17.950;-11.8500;23.09;23.32;23.25;235093;44.659081;-1.194120;65.00;3.30;12;52;49;1010249.2
4.03;4.195176;9.298419;-1.498628;19.69;-4.341426;-9.269607;-1.347333;19.20;1.009295;22.82;-26.3167;-17.900;-20.6250;23.11;23.30;23.28;235600;44.659077;-1.194119;65.00;0.00;12;52;50;1010249.2
4.04;3.187768;8.701449;-2.374192;20.17;-3.368618;-8.939706;-2.575691;19.20;1.009282;22.82;-23.7083;-9.917;-24.9042;23.06;23.33;23.31;236107;44.659077;-1.194119;65.00;0.00;12;52;50;1010249.2
4.04;4.331373;8.512767;-3.003227;20.17;-4.495115;-8.146628;-2.567661;18.72;1.009275;22.81;-29.5292;-26.767;-18.2458;23.10;23.26;23.30;236614;44.659077;-1.194120;65.00;0.00;12;52;51;1010249.2
4.03;5.922962;9.558217;-2.126658;19.69;-6.005606;-9.428739;-1.879872;19.20;1.009262;22.81;-33.8458;-41.450;-24.2833;23.07;23.28;23.26;237119;44.659077;-1.194120;65.00;0.00;12;52;51;1010249.2
4.04;2.069376;7.939245;-3.721640;19.69;-1.062357;-7.327567;-3.620292;18.72;1.009213;22.81;-28.2250;-7.067;32.5333;23.06;23.33;23.25;237627;44.659077;-1.194120;65.00;0.00;12;52;52;1010249.2
4.04;4.046980;6.972551;-1.348046;19.69;-2.259428;-6.903671;-1.517574;19.20;1.009187;22.80;-19.6417;-5.867;4.0583;23.11;23.28;23.30;238132;44.659077;-1.194120;65.00;0.00;12;52;52;1010249.2
4.04;1.028341;9.755450;-0.106934;19.69;-1.376026;-9.167838;0.715919;19.20;1.009171;22.80;-5.1917;0.750;6.2833;23.06;23.32;23.28;238636;44.659077;-1.194131;65.00;2.67;12;52;53;1010249.2
4.04;4.520252;7.061131;-4.727886;19.69;-3.537697;-7.525974;-3.641090;18.72;1.009153;22.80;-8.6083;-0.533;-7.8625;23.09;23.26;23.26;239145;44.659077;-1.194131;65.00;2.67;12;52;53;1010249.2
4.04;3.810868;7.225920;-2.804971;19.69;-3.831466;-7.049559;-2.582025;18.72;1.009132;22.79;-23.5042;-3.717;-20.4208;23.05;23.27;23.26;239652;44.659081;-1.194141;65.00;1.98;12;52;54;1010249.2
4.04;1.789376;9.234337;-2.286012;19.69;-2.135486;-9.240578;-2.103380;18.72;1.009114;22.79;-17.2792;-7.100;-12.3625;23.08;23.30;23.25;240159;44.659081;-1.194141;65.00;1.98;12;52;54;1010249.2
4.04;0.777316;9.082400;-0.551727;19.69;-0.988889;-9.213473;-0.381800;18.72;1.009102;22.79;-18.7875;-14.683;-23.0000;23.08;23.27;23.27;240661;44.659077;-1.194147;65.00;3.20;12;52;55;1010249.2
4.03;1.179316;10.187625;-1.649745;19.69;-1.304654;-10.035230;-1.514631;18.72;1.009086;22.78;-15.5958;-20.167;-23.9292;23.08;23.24;23.23;241167;44.659077;-1.194147;65.00;3.20;12;52;55;1010249.2
4.04;3.116894;9.506671;-2.161472;19.69;-3.062928;-10.412940;-1.910296;19.20;1.009067;22.78;-18.5375;-24.783;-21.1625;23.07;23.28;23.23;241668;44.659069;-1.194148;65.00;1.26;12;52;56;1010249.2
4.03;0.818813;9.188337;-1.312085;19.69;-1.007194;-9.210433;-1.174378;19.20;1.009048;22.78;-13.7750;-23.350;-21.0792;23.06;23.24;23.27;242175;44.659069;-1.194148;65.00;1.26;12;52;56;1010249.2
4.03;2.156947;9.077397;-2.618399;19.69;-2.148910;-8.798879;-2.419865;18.72;1.009014;22.78;-20.4917;-27.950;-12.6458;23.07;23.26;23.26;242681;44.659073;-1.194162;71.60;0.00;12;52;58;1010249.2
4.03;1.071733;7.490212;-0.381700;19.69;-1.170088;-7.387019;-0.185888;18.72;1.008985;22.77;-19.3583;-10.567;-16.7625;23.08;23.25;23.27;243181;44.659073;-1.194162;71.60;0.00;12;52;58;1010249.2
4.04;1.794136;8.613242;-0.696966;19.69;-2.689907;-8.912324;-0.897317;18.72;1.008969;22.77;-10.3500;0.867;-12.4417;23.05;23.27;23.25;243687;44.659073;-1.194165;71.60;0.00;12;52;59;1010249.2
4.04;1.764410;9.408504;-0.993784;19.69;-1.293296;-9.530386;-1.034398;18.72;1.008943;22.77;-19.3542;-18.167;-11.1208;23.06;23.26;23.25;244193;44.659073;-1.194165;71.60;0.00;12;52;59;1010249.2
4.04;2.560678;8.701399;-3.718298;19.69;-2.788013;-8.777110;-3.060086;18.72;1.008926;22.77;-16.5500;-4.917;-8.7792;23.02;23.25;23.23;244694;44.659061;-1.194169;71.90;0.00;12;53;0;1010249.2
4.04;0.665694;9.031377;0.956719;19.69;-0.922504;-8.887783;1.449842;18.72;1.008888;22.76;-7.9500;-4.483;40.5000;23.05;23.25;23.22;245198;44.659061;-1.194169;71.90;0.00;12;53;0;1010249.2
4.04;0.589084;9.398564;-1.351936;19.69;-0.209579;-9.538266;-0.903502;18.72;1.008872;22.76;-16.5833;-28.633;16.9417;23.04;23.25;23.25;245707;44.659054;-1.194175;72.20;5.74;12;53;1;1010249.2
4.04;0.506839;9.425696;0.079652;19.69;-0.298358;-9.748394;0.159603;18.72;1.008860;22.76;-10.5250;-18.733;16.9333;23.04;23.24;23.23;246215;44.659054;-1.194175;72.20;5.74;12;53;1;1010249.2
4.04;0.867841;9.521956;-0.264193;19.69;-0.825745;-9.503553;-0.150625;18.72;1.008854;22.76;-6.2292;-14.350;26.3125;23.03;23.24;23.22;246723;44.659042;-1.194178;71.80;5.74;12;53;2;1010249.2
4.04;0.699310;9.886949;0.083093;19.69;-0.782204;-9.886250;0.046185;18.72;1.008848;22.75;-5.9500;-24.833;15.9208;23.06;23.25;23.22;247225;44.659042;-1.194178;71.80;5.74;12;53;2;1010249.2
4.04;0.542849;9.542006;0.556715;19.69;-0.785695;-9.537318;0.509682;18.72;1.008851;22.75;-9.3542;-20.883;13.3542;23.03;23.24;23.18;247734;44.659035;-1.194180;71.70;5.74;12;53;3;1010249.2
4.04;0.751331;9.943109;-0.276013;19.69;-0.918913;-9.980914;-0.127732;18.72;1.008854;22.75;-3.0292;-19.883;19.5250;23.02;23.23;23.21;248243;44.659035;-1.194180;71.70;5.74;12;53;3;1010249.2
4.03;0.747070;9.529146;-0.550630;19.69;-0.842147;-9.565527;-0.406816;18.72;1.008849;22.74;-5.6958;-18.933;20.8667;23.03;23.24;23.20;248744;44.659035;-1.194181;71.60;5.74;12;53;4;1010249.2
4.04;0.588635;9.562954;-0.385042;19.69;-0.680956;-9.582953;-0.245838;18.72;1.008856;22.74;-4.6292;-18.500;13.9667;23.04;23.23;23.21;249244;44.659035;-1.194181;71.60;5.74;12;53;4;1010249.2
4.04;0.307335;9.508090;-0.696816;19.69;-0.411576;-9.526896;-0.558161;18.72;1.008860;22.74;-3.7083;-17.267;16.7750;23.01;23.24;23.22;249745;44.659035;-1.194183;71.50;5.74;12;53;5;1010249.2
4.03;0.406431;9.550992;0.405106;19.69;-0.493643;-9.571511;0.526518;18.72;1.008876;22.73;-7.5375;-21.050;0.1458;23.05;23.25;23.21;250252;44.659035;-1.194183;71.50;5.74;12;53;5;1010249.2
4.04;1.090287;9.716673;0.342847;19.69;-1.182607;-9.737920;0.475367;18.72;1.008892;22.73;-3.0625;-19.933;9.7542;23.06;23.23;23.21;250759;44.659035;-1.194183;71.50;5.74;12;53;6;1010249.2
4.04;0.435466;9.680462;0.833725;19.69;-0.594221;-9.756173;0.985897;18.72;1.008906;22.73;-8.7458;-24.550;2.8542;23.05;23.19;23.20;251268;44.659035;-1.194183;71.50;5.74;12;53;6;1010249.2
4.04;0.575318;9.112674;1.031733;19.69;-0.862853;-9.082202;1.521913;18.72;1.008926;22.73;-8.8000;-21.867;5.5375;23.03;23.19;23.23;251774;44.659023;-1.194181;71.30;5.74;12;53;7;1010249.2
4.04;0.645095;9.806350;1.362161;19.69;-0.769086;-9.787296;1.616428;18.72;1.008950;22.72;-11.6083;-20.533;5.4417;23.02;23.22;23.20;252281;44.659023;-1.194181;71.30;5.74;12;53;7;1010249.2
4.03;1.510691;9.692533;1.612936;19.69;-1.439269;-10.141565;1.520168;18.72;1.008962;22.72;-13.3333;-21.200;3.8458;22.97;23.21;23.24;252781;44.659012;-1.194178;70.90;5.74;12;53;8;1010249.2
4.04;1.057119;9.465547;2.389654;19.69;-1.179116;-9.460859;2.619881;18.72;1.008964;22.72;-11.7125;-21.200;3.2542;22.98;23.19;23.22;253290;44.659012;-1.194178;70.90;5.74;12;53;8;1010249.2
4.04;0.781805;9.853432;1.677327;19.69;-1.056521;-8.806188;1.939325;18.72;1.008970;22.71;-10.7083;-17.417;12.7125;23.00;23.22;23.19;253798;44.659012;-1.194172;70.70;5.74;12;53;9;1010249.2
4.04;2.208405;9.666221;1.984961;19.69;-2.258231;-9.721709;1.999924;18.72;1.008979;22.71;-13.5833;-16.617;1.4208;23.00;23.18;23.19;254299;44.659012;-1.194172;70.70;5.74;12;53;9;1010249.2
4.04;1.509195;9.664153;1.070387;19.69;-1.649147;-9.317665;1.317272;18.72;1.008978;22.71;-16.9000;-12.333;19.5667;23.00;23.17;23.18;254806;44.659016;-1.194160;70.60;5.74;12;53;10;1010249.2
4.04;2.812502;8.930080;0.887143;19.69;-3.162381;-9.570736;0.544146;18.72;1.008989;22.70;-18.4458;-11.833;22.3458;22.99;23.19;23.20;255308;44.659016;-1.194160;70.60;5.74;12;53;10;1010249.2
4.04;1.670294;9.028685;-0.323744;19.69;-1.736778;-9.263100;-0.296662;18.72;1.009001;22.70;-11.1042;-10.800;13.2208;23.00;23.17;23.23;255816;44.659031;-1.194144;70.40;5.74;12;53;11;1010249.2
4.04;2.498932;8.642644;0.173269;19.69;-2.511750;-8.620301;0.351475;18.72;1.009001;22.70;-13.4667;-10.317;14.1833;22.98;23.18;23.17;256325;44.659031;-1.194144;70.40;5.74;12;53;11;1010249.2
4.04;6.878235;7.808420;0.312024;19.69;-7.157139;-7.744528;0.630781;18.72;1.008988;22.70;-15.9833;2.917;31.9542;22.98;23.19;23.18;256826;44.659042;-1.194124;70.20;5.74;12;53;12;1010249.2
4.04;-3.848325;8.839255;-0.132620;19.69;3.268816;-8.966340;-0.160002;18.72;1.008980;22.69;-0.9583;1.483;3.9458;22.98;23.18;23.22;257334;44.659042;-1.194124;70.20;5.74;12;53;12;1010249.2
4.04;4.801078;8.756761;-0.865297;19.69;-4.501101;-6.043612;-0.901108;18.72;1.008968;22.69;-18.9667;-6.433;5.8250;22.99;23.17;23.22;257842;44.659058;-1.194103;70.00;5.74;12;53;13;1010249.2
4.04;3.196397;9.248935;1.481015;19.69;-3.319839;-9.295719;1.615430;18.72;1.008955;22.69;-18.0708;-8.267;18.7292;22.97;23.17;23.19;258343;44.659058;-1.194103;70.00;5.74;12;53;13;1010249.2
4.03;2.938880;6.513871;-4.392257;19.69;-2.947537;-6.625728;-4.264303;18.72;1.008945;22.68;-23.0333;-13.033;-4.3708;22.97;23.16;23.18;258848;44.659058;-1.194095;69.70;5.74;12;53;14;1010249.2
4.04;-5.988150;4.971828;-2.928761;19.69;4.725990;-4.849483;-3.148889;18.72;1.008928;22.68;-0.8083;2.033;-1.4875;22.98;23.13;23.16;259357;44.659058;-1.194095;69.70;5.74;12;53;14;1010249.2
4.04;3.062854;7.168462;-6.219175;19.69;-2.675293;-7.102228;-5.790193;18.72;1.008919;22.68;2.7750;-2.750;2.3750;22.97;23.19;23.23;259866;44.659050;-1.194099;68.90;5.74;12;53;15;1010249.2
4.04;1.283456;8.714267;-3.345227;19.69;-0.613872;-8.398353;-3.949972;18.72;1.008935;22.67;2.9833;4.183;-4.7625;22.99;23.14;23.22;260375;44.659050;-1.194099;68.90;5.74;12;53;15;1010249.2
4.03;0.065786;8.645587;-4.657660;19.69;-0.395167;-8.712123;-4.775118;18.72;1.008940;22.67;1.4458;0.217;-1.3250;22.99;23.17;23.18;260875;44.659042;-1.194104;71.20;5.74;12;53;16;1010249.2
4.04;1.685905;8.901151;-4.606837;19.69;-1.554731;-8.914667;-4.118752;18.72;1.008940;22.67;0.8500;2.333;-3.6375;22.94;23.15;23.22;261383;44.659042;-1.194104;71.20;5.74;12;53;16;1010249.2
4.04;-0.630681;9.077462;-2.627562;19.69;0.615169;-9.119258;-2.379230;18.72;1.008937;22.66;0.5750;1.033;0.7208;22.97;23.17;23.20;261889;44.659042;-1.194119;71.60;5.74;12;53;17;1010249.2
