Ubat;accx1;accy1;accz1;Acc1_Temp;accx2;accy2;accz2;Acc2_Temp;Abs_Pressure;Vector_Temp;Pressure_I;Pressure_Kiel;Pressure_Lacet;Air_Temp_I;Air_Temp_KIEL;Air_Temp_Lacet;Time;latitude;longitude;altGPS;vitesseGPS;UTC_h;UTC_m;UTC_s;dateGPS;Probe
4.11;nan;nan;nan;25.00;nan;nan;nan;25.00;1.005392;26.26;0.0000;0.000;0.0000;0.00;0.00;0.00;371;0.000000;0.000000;0.00;0.00;0;0;0;09.2
4.11;8.517120;1.387140;4.521202;24.03;-8.491827;-1.350344;4.719232;22.58;1.005475;26.44;0.8958;1.617;-1.7208;25.92;26.14;25.76;871;0.000000;0.000000;0.00;0.00;0;0;0;09.2
4.10;8.499002;1.234379;4.691426;24.03;-8.468878;-1.188742;4.889933;23.07;1.005455;26.49;0.5667;1.383;-1.6500;25.99;26.24;25.86;1376;0.000000;0.000000;0.00;0.00;0;0;0;09.2
4.12;8.461795;1.331986;4.676363;24.03;-8.440897;-1.269342;4.872775;23.07;1.005459;26.53;0.2458;0.567;-0.9792;26.07;26.31;25.94;1882;0.000000;0.000000;0.00;0.00;0;0;0;09.2
4.12;8.424838;1.342160;4.718160;24.03;-8.395908;-1.294728;4.914671;23.07;1.005456;26.56;0.5917;0.983;-1.0333;26.10;26.36;25.94;2384;0.000000;0.000000;0.00;0.00;0;0;0;09.2
4.09;8.503214;1.755774;4.056108;24.03;-8.515739;-1.873681;4.089880;23.07;1.005449;26.58;0.3417;1.900;-0.2125;26.14;26.41;26.00;2893;0.000000;0.000000;0.00;0.00;0;0;0;09.2
4.09;6.970605;6.386958;-1.717077;24.03;-6.815291;-6.408403;-1.929200;23.07;1.005455;26.60;-3.7083;-0.817;2.9167;26.12;26.43;26.03;3395;0.000000;0.000000;0.00;0.00;0;0;0;09.2
4.09;3.202581;5.239762;-7.491459;24.03;-3.056295;-5.059012;-7.486422;23.07;1.005454;26.61;1.0417;-3.533;-2.4917;26.18;26.47;26.07;3901;0.000000;0.000000;0.00;0.00;0;0;0;09.2
4.08;-0.032320;4.874820;-8.336658;24.03;-0.174366;-4.762749;-8.304985;23.07;1.005425;26.62;-4.2042;-1.683;-1.3583;26.23;26.47;26.08;4408;0.000000;0.000000;0.00;0.00;0;0;0;09.2
4.08;0.387137;5.186245;-8.304037;24.03;-0.528036;-5.219063;-8.164933;23.07;1.005412;26.63;-3.6500;-0.250;-0.9833;26.25;26.47;26.12;4915;0.000000;0.000000;0.00;0.00;0;0;0;09.2
4.08;0.540754;5.237468;-8.125232;24.03;-0.600157;-5.256121;-7.939144;23.07;1.005407;26.63;-2.6917;-0.850;-0.0625;26.28;26.50;26.15;5416;0.000000;0.000000;0.00;0.00;0;0;0;09.2
4.09;-0.677165;3.133104;-8.898908;24.03;0.556166;-3.442933;-8.643144;23.07;1.005396;26.64;-4.4917;-0.533;-3.1250;26.32;26.52;26.15;5917;0.000000;0.000000;0.00;0.00;0;0;0;09.2
4.09;-0.479806;0.577214;-9.784104;24.03;0.602850;-0.562849;-9.666996;23.07;1.005396;26.64;-1.6417;-0.450;-2.7542;26.26;26.52;26.17;6419;0.000000;0.000000;0.00;0.00;0;0;0;09.2
4.07;-0.894823;0.545443;-9.708991;24.03;0.828738;-0.721704;-9.510486;23.07;1.005410;26.64;-2.2208;-0.167;0.1750;26.28;26.52;26.23;6925;0.000000;0.000000;0.00;0.00;0;0;0;09.2
4.09;-0.679260;1.357821;-9.469438;24.03;0.691430;-1.339766;-9.316367;23.07;1.005414;26.65;-3.8208;2.333;-4.3542;26.34;26.56;26.23;7430;0.000000;0.000000;0.00;0.00;0;0;0;09.2
4.07;-0.720757;-0.471776;-9.644004;24.03;0.808089;0.949936;-9.617919;23.07;1.005415;26.65;-4.9417;0.700;1.1583;26.34;26.58;26.25;7935;0.000000;0.000000;0.00;0.00;0;0;0;09.2
4.08;1.091534;-0.364593;-9.647044;24.03;-1.086496;0.350278;-9.478465;23.07;1.005441;26.65;-3.2208;1.567;2.3375;26.36;26.57;26.31;8436;0.000000;0.000000;0.00;0.00;0;0;0;09.2
4.07;1.226897;0.183444;-9.526346;24.03;-1.225800;-0.191374;-9.365696;23.07;1.005441;26.65;-2.5250;0.583;1.0333;26.36;26.58;26.25;8938;0.000000;0.000000;0.00;0.00;0;0;0;09.2
4.07;-1.490420;-1.444933;-9.105014;24.03;1.507264;1.403722;-8.927771;23.07;1.005435;26.65;-3.2625;0.617;-2.1583;26.38;26.58;26.32;9438;0.000000;0.000000;0.00;0.00;0;0;0;09.2
4.08;-2.699882;-4.512022;-9.132526;24.03;2.778387;4.461349;-8.922399;23.07;1.005419;26.66;-4.4833;0.667;-0.0292;26.41;26.60;26.33;9944;0.000000;0.000000;0.00;0.00;0;0;0;09.2
4.08;-3.273904;-4.477109;-8.276007;24.03;3.227868;4.323243;-8.161042;23.07;1.005424;26.66;2.3917;0.267;-3.7542;26.40;26.58;26.33;10447;0.000000;0.000000;0.00;0.00;12;31;37;09.2
4.07;-1.397522;0.419406;-9.002150;24.03;1.222757;-0.549832;-8.925391;23.07;1.005424;26.66;1.5500;4.017;-9.0083;26.43;26.62;26.37;10952;0.000000;0.000000;0.00;0.00;12;31;37;09.2
4.09;-2.045211;-1.247596;-8.777260;24.03;2.054488;0.986096;-8.458951;23.07;1.005429;26.66;34.2375;8.400;-23.2042;26.42;26.63;26.39;11455;44.658577;-1.194354;47.80;0.00;12;31;38;09.2
4.07;-3.365525;-3.867776;-9.171031;24.03;3.549118;4.239800;-9.196067;23.07;1.005436;26.66;30.0500;6.917;-26.2375;26.42;26.67;26.39;11960;44.658577;-1.194354;47.80;0.00;12;31;38;09.2
4.08;-3.692213;-5.563357;-7.345821;24.03;3.834409;5.777374;-7.698993;23.07;1.005427;26.67;11.1958;-10.383;-45.2458;26.45;26.67;26.44;12463;44.658577;-1.194354;47.80;0.00;12;31;38;09.2
4.08;-2.531052;-4.071620;-7.144423;24.03;2.416138;3.805182;-7.221980;23.07;1.005415;26.67;4.3250;0.367;-20.5250;26.50;26.64;26.42;12966;44.658581;-1.194356;47.30;0.00;12;31;40;09.2
4.08;-1.951445;-0.113817;-9.673779;24.03;1.959474;0.145588;-9.753282;23.07;1.005393;26.67;-3.4875;1.967;-0.0667;26.49;26.68;26.47;13468;44.658581;-1.194356;47.30;0.00;12;31;40;09.2
4.07;-2.737189;-2.363669;-8.678756;24.03;2.739583;2.136384;-8.420946;23.07;1.005373;26.67;-4.0292;3.817;-12.0292;26.48;26.66;26.45;13970;44.658581;-1.194354;47.20;0.00;12;31;41;09.2
4.07;-1.643959;-2.914996;-9.395722;24.03;1.714833;2.959985;-9.211380;23.07;1.005357;26.67;3.7458;-1.267;-18.9667;26.50;26.70;26.47;14472;44.658581;-1.194354;47.20;0.00;12;31;41;09.2
4.08;-1.769497;-3.671564;-8.500798;24.03;1.819223;3.607672;-8.346133;23.07;1.005349;26.67;15.7833;-4.100;-27.0458;26.52;26.67;26.47;14975;44.658581;-1.194354;46.90;0.00;12;31;42;09.2
4.08;-0.589234;-0.260566;-9.211251;24.03;0.599922;0.335123;-9.041787;23.07;1.005344;26.67;-2.3917;2.083;1.8583;26.53;26.68;26.52;15484;44.658581;-1.194354;46.90;0.00;12;31;42;09.2
4.08;-0.327136;0.898813;-9.813829;24.03;0.326587;-0.877816;-9.641809;23.07;1.005339;26.67;-2.8292;4.933;2.3167;26.53;26.68;26.52;15990;44.658585;-1.194358;46.80;0.00;12;31;43;09.2
4.07;-0.171972;4.171869;-7.587271;24.03;0.117059;-4.210273;-7.442831;23.07;1.005334;26.67;-2.3042;5.283;2.3917;26.54;26.70;26.56;16499;44.658585;-1.194358;46.80;0.00;12;31;43;09.2
4.08;0.772763;-1.318647;-10.372233;24.03;-0.770369;1.288465;-10.187295;23.07;1.005319;26.67;-1.9542;1.883;0.5750;26.56;26.74;26.53;17000;44.658588;-1.194347;46.80;0.00;12;31;44;09.2
4.08;0.395915;-0.264243;-9.512432;24.03;-0.367286;0.284143;-9.381605;23.07;1.005309;26.67;-1.5375;1.217;-12.9167;26.58;26.74;26.58;17502;44.658588;-1.194347;46.80;0.00;12;31;44;09.2
4.07;-0.651579;-1.782764;-9.371482;24.03;0.620157;1.726654;-9.161754;23.07;1.005320;26.68;-4.0792;3.533;-2.0375;26.58;26.73;26.58;18004;44.658588;-1.194346;46.90;0.00;12;31;45;09.2
4.08;0.564267;-2.830357;-9.215783;24.03;-0.637029;2.717026;-9.051063;23.07;1.005327;26.68;-5.1667;3.950;1.3000;26.59;26.74;26.60;18504;44.658588;-1.194346;46.90;0.00;12;31;45;09.2
4.07;1.297871;2.523970;-9.092875;24.03;-1.256274;-2.587961;-8.974868;23.07;1.005337;26.68;2.2208;-3.133;2.6375;26.62;26.74;26.61;19011;44.658592;-1.194352;47.00;0.00;12;31;46;09.2
4.09;-2.831405;0.535917;-10.038222;24.03;3.041632;-0.508435;-9.869892;23.07;1.005354;26.68;19.5500;-5.950;-2.4792;26.64;26.75;26.60;19511;44.658592;-1.194352;47.00;0.00;12;31;46;09.2
4.07;-0.428983;1.399518;-9.626196;24.03;0.615967;-1.327547;-9.405796;23.07;1.005371;26.68;1.5625;-0.283;-1.0958;26.61;26.74;26.67;20012;44.658592;-1.194357;47.20;0.00;12;31;47;09.2
4.08;-1.018017;1.854984;-8.968635;24.03;0.927592;-2.064164;-8.753669;23.07;1.005352;26.68;3.8833;-3.233;2.5042;26.62;26.75;26.69;20514;44.658592;-1.194357;47.20;0.00;12;31;47;09.2
4.07;1.074177;3.571313;-9.092426;24.03;-1.265900;-3.577997;-8.926688;23.07;1.005342;26.68;17.6958;-11.967;6.2125;26.65;26.74;26.70;21017;44.658596;-1.194357;47.20;0.00;12;31;48;09.2
4.07;0.284342;1.153779;-9.846050;24.03;-0.439457;-1.328644;-9.648591;23.07;1.005350;26.68;4.6875;0.600;-0.4625;26.67;26.77;26.67;21522;44.658596;-1.194357;47.20;0.00;12;31;48;09.2
4.07;0.180102;1.099165;-9.452729;24.03;-0.289280;-1.203356;-9.333526;23.07;1.005363;26.68;0.5500;0.500;-0.3375;26.67;26.76;26.68;22025;44.658592;-1.194357;47.00;0.00;12;31;49;09.2
4.07;0.388384;1.362061;-9.742858;24.03;-0.444693;-1.397972;-9.611184;23.07;1.005362;26.68;5.4333;-2.600;-2.1000;26.69;26.75;26.72;22526;44.658592;-1.194357;47.00;0.00;12;31;49;09.2
4.08;-0.356513;1.215675;-9.635224;24.03;0.340403;-1.237620;-9.471232;23.07;1.005369;26.68;2.6958;0.183;-1.4000;26.67;26.76;26.76;23029;44.658592;-1.194356;46.90;0.00;12;31;50;09.2
4.08;-1.540738;1.028412;-9.883807;24.03;1.461649;-1.075652;-9.741617;23.07;1.005364;26.68;3.2625;0.733;-0.5292;26.67;26.76;26.74;23529;44.658592;-1.194356;46.90;0.00;12;31;50;09.2
4.07;-4.061943;1.726255;-8.151766;24.03;3.999148;-1.788500;-8.026328;23.07;1.005361;26.69;10.3625;2.500;-10.5000;26.71;26.80;26.72;24033;44.658592;-1.194355;46.90;0.00;12;31;51;09.2
4.07;-6.051991;1.674284;-7.361782;24.03;6.006105;-1.779472;-7.225870;23.07;1.005351;26.69;5.3292;0.900;-5.0417;26.70;26.77;26.76;24537;44.658592;-1.194355;46.90;0.00;12;31;51;09.2
4.07;-6.130459;0.925982;-7.357707;24.03;6.102929;-1.022385;-7.228301;23.07;1.005355;26.69;8.9542;2.283;-5.5875;26.68;26.78;26.78;25039;44.658592;-1.194353;46.80;0.00;12;31;52;09.2
4.08;-6.117379;0.423995;-4.441099;24.03;5.654430;-0.538211;-4.074312;23.07;1.005375;26.69;1.7083;0.100;-0.3375;26.72;26.78;26.77;25542;44.658592;-1.194353;46.80;0.00;12;31;52;09.2
4.09;-1.763940;-3.461615;5.780096;24.03;1.665377;3.441949;6.143713;23.07;1.005447;26.69;0.6875;-2.400;-1.8458;26.73;26.80;26.77;26087;44.658592;-1.194353;46.80;0.00;12;31;52;0300
4.08;-1.048890;-3.741341;8.961401;24.03;1.121858;3.655654;9.120806;23.07;1.005511;26.69;0.0125;0.083;-0.3208;26.70;26.74;26.71;26587;44.658592;-1.194353;46.80;0.00;12;31;52;09.2
4.09;-1.286100;-4.444391;9.794727;24.03;1.273930;4.405787;10.184808;23.07;1.005537;26.69;0.3833;0.000;-1.4750;26.68;26.77;26.76;27089;44.658592;-1.194353;46.80;0.00;12;31;52;09.2
4.07;7.316795;-1.214777;5.669643;24.03;-6.698633;1.429393;7.192404;23.07;1.005521;26.69;2.9792;1.000;1.0875;26.71;26.78;26.77;27593;44.658592;-1.194353;46.80;0.00;12;31;56;09.2
4.09;7.652358;-1.546352;-2.911904;24.03;-7.561934;1.555180;-3.158042;23.07;1.005504;26.69;1.2083;0.300;0.0458;26.73;26.81;26.82;28096;44.658592;-1.194353;46.80;0.00;12;31;56;302099.2
4.08;7.255396;0.535119;-5.976977;24.03;-6.909557;-0.310078;-5.611238;23.07;1.005485;26.69;0.2583;28.183;-5.1917;26.75;27.14;26.78;28600;44.658592;-1.194353;46.80;0.00;12;31;57;302099.2
4.07;8.461545;0.217958;-5.083601;24.03;-8.594066;-0.268482;-5.049236;23.07;1.005452;26.70;-1.7667;0.133;-0.1708;26.75;27.12;26.82;29105;44.658592;-1.194353;46.80;0.00;12;31;57;302099.2
4.08;7.918746;0.456664;-5.897974;24.03;-7.571808;-0.521552;-5.754781;23.07;1.005441;26.70;-0.5667;-0.117;0.2917;26.77;27.07;26.80;29606;44.658592;-1.194353;46.80;0.00;12;31;57;302099.2
4.07;5.736027;1.102557;-6.560127;24.03;-5.631388;-1.009688;-6.439079;23.07;1.005442;26.70;0.3333;1.700;12.3792;26.74;27.07;26.84;30107;44.658592;-1.194353;46.80;0.00;12;31;59;302099.2
