Ubat;accx1;accy1;accz1;Acc1_Temp;accx2;accy2;accz2;Acc2_Temp;Abs_Pressure;Vector_Temp;Pressure_I;Pressure_Kiel;Pressure_Lacet;Air_Temp_I;Air_Temp_KIEL;Air_Temp_Lacet;Time;latitude;longitude;altGPS;vitesseGPS;UTC_h;UTC_m;UTC_s;dateGPS;Probe
3.97;nan;nan;nan;25.00;nan;nan;nan;25.00;1.012647;22.85;0.0000;0.000;0.0000;0.00;0.00;0.00;428;0.000000;0.000000;0.00;0.00;0;0;0;09.2
3.93;4.297776;-8.340220;-3.038925;20.65;-4.160691;8.328095;-2.878628;19.69;1.012746;23.02;13.7083;-1.917;-4.9250;24.88;24.39;22.81;931;0.000000;0.000000;0.00;0.00;0;0;0;09.2
3.93;4.302893;-7.719042;-4.097505;20.65;-4.215361;7.731062;-3.895905;19.69;1.012741;23.08;12.1083;-1.150;-3.7583;24.97;24.44;22.92;1432;0.000000;0.000000;0.00;0.00;0;0;0;09.2
3.93;3.198313;-7.596256;-5.364580;20.17;-3.101226;7.582447;-5.135864;19.69;1.012727;23.11;14.1250;-0.817;-4.0958;25.02;24.47;22.93;1935;44.658928;-1.194636;50.80;0.00;13;56;36;09.2
3.93;5.011529;-7.407967;-4.033613;20.17;-4.927139;7.417892;-3.880744;19.69;1.012709;23.14;21.3375;-6.483;-5.3292;25.03;24.49;22.97;2442;44.658928;-1.194636;50.80;2.28;13;56;36;1010249.2
3.93;4.838447;-7.263868;-4.670436;20.65;-4.728919;7.281824;-4.453647;19.69;1.012712;23.16;19.2458;-4.600;-8.8000;25.06;24.53;23.02;2949;44.658936;-1.194631;50.40;2.28;13;56;37;1010249.2
3.94;4.168628;-7.339986;-4.346535;20.17;-4.161545;7.320934;-4.114113;19.69;1.012702;23.17;22.3708;-7.417;-7.0708;25.09;24.56;23.01;3458;44.658936;-1.194631;50.40;2.28;13;56;37;1010249.2
3.93;4.989285;-7.651810;-4.710031;20.65;-4.799507;7.734553;-4.504741;19.69;1.012691;23.18;23.1875;-7.483;-8.4583;25.11;24.54;23.05;3967;44.658936;-1.194631;50.00;2.28;13;56;38;1010249.2
3.93;4.559704;-7.704579;-4.415663;20.65;-4.400600;7.722685;-4.217456;19.69;1.012674;23.19;26.3792;-10.517;-10.7042;25.07;24.53;23.08;4472;44.658936;-1.194631;50.00;2.28;13;56;38;1010249.2
3.94;5.396622;-7.637744;-3.904485;20.17;-5.590040;7.692110;-3.645330;19.69;1.012659;23.19;35.2417;-13.367;-9.2375;25.09;24.55;23.06;4978;44.658936;-1.194629;50.30;2.28;13;56;40;1010249.2
3.93;6.801277;-7.078287;-5.019111;20.17;-6.543767;6.936041;-5.215672;19.69;1.012628;23.19;35.1833;-14.017;-12.8583;25.08;24.55;23.07;5478;44.658936;-1.194629;50.30;2.28;13;56;40;1010249.2
3.93;4.619356;-5.513980;-5.141407;20.65;-4.716713;5.587197;-5.005146;19.69;1.012598;23.20;32.0250;-5.700;-20.9917;25.07;24.61;23.08;5980;44.658939;-1.194626;51.40;2.28;13;56;41;1010249.2
3.93;4.577011;-5.748197;-5.061057;20.17;-4.587385;5.927002;-4.952925;19.69;1.012558;23.20;30.9458;-5.433;-19.4500;25.07;24.54;23.07;6482;44.658939;-1.194626;51.40;2.28;13;56;41;1010249.2
3.93;4.266882;-6.657185;-4.986891;20.65;-4.323094;6.593544;-4.813173;19.69;1.012526;23.20;30.7333;-2.733;-16.9583;25.10;24.58;23.06;6985;44.658943;-1.194625;52.40;2.28;13;56;42;1010249.2
3.93;5.043799;-6.446459;-4.945344;20.17;-4.927239;6.507208;-4.943948;19.69;1.012490;23.20;32.2958;-0.317;-15.4042;25.10;24.57;23.07;7494;44.658943;-1.194625;52.40;2.28;13;56;42;1010249.2
3.93;5.547197;-6.116380;-6.186757;20.65;-5.237467;6.080620;-5.791988;19.69;1.012461;23.20;27.8750;-0.117;-18.5208;25.05;24.58;23.07;8000;44.658951;-1.194622;52.70;2.28;13;56;43;1010249.2
3.93;5.024298;-5.838971;-6.379477;20.17;-4.969235;5.852987;-6.195933;19.69;1.012436;23.20;24.6542;0.017;-19.7167;25.08;24.59;23.06;8503;44.658951;-1.194622;52.70;2.28;13;56;43;1010249.2
3.93;4.198895;-6.219938;-5.475091;20.65;-4.140283;6.216046;-5.251676;19.69;1.012411;23.20;11.8667;0.217;-10.0417;25.07;24.58;23.10;9008;44.658955;-1.194618;53.30;2.28;13;56;44;1010249.2
3.93;5.698769;-6.562122;-4.978412;20.17;-5.622809;6.568954;-4.887289;19.69;1.012391;23.19;15.5042;0.083;-11.6917;25.07;24.60;23.09;9509;44.658955;-1.194618;53.30;2.28;13;56;44;1010249.2
3.93;4.360101;-6.046005;-5.936130;20.65;-4.305337;6.053438;-5.740017;19.69;1.012372;23.19;10.0458;0.150;-6.1583;25.06;24.61;23.08;10017;44.658958;-1.194616;53.90;2.28;13;56;45;1010249.2
3.93;5.604882;-6.886165;-8.292238;20.17;-5.724114;6.849357;-8.276036;19.69;1.012346;23.19;8.0000;0.183;-7.7500;25.06;24.57;23.11;10526;44.658958;-1.194616;53.90;0.70;13;56;45;1010249.2
3.93;4.870306;-3.923937;-1.527050;20.65;-5.410038;3.850768;-0.478160;19.69;1.012275;23.19;32.2917;-0.183;-8.5458;25.07;24.59;23.08;11027;44.658955;-1.194611;54.40;0.70;13;56;46;1010249.2
3.93;2.021345;-4.736016;-7.875603;20.17;-1.147345;4.698858;-8.660900;19.69;1.012210;23.19;7.1125;-0.083;-3.9083;25.07;24.56;23.07;11534;44.658955;-1.194611;54.40;2.30;13;56;46;1010249.2
3.93;4.044536;-5.532234;-5.745554;20.17;-4.237955;5.454278;-5.656326;19.69;1.012135;23.19;25.2708;0.000;-13.7875;25.03;24.58;23.11;12039;44.658955;-1.194610;54.70;2.30;13;56;47;1010249.2
3.93;5.025296;-5.492283;-4.349976;20.17;-5.000757;5.642211;-4.349428;19.69;1.012060;23.19;20.5167;-0.067;-7.7458;25.09;24.58;23.09;12541;44.658955;-1.194610;54.70;1.87;13;56;47;1010249.2
3.93;1.779622;-6.486160;-4.187630;20.65;-2.278231;6.501173;-4.028725;19.69;1.012009;23.19;42.3292;-0.550;-4.8042;25.07;24.56;23.08;13045;44.658962;-1.194616;56.30;1.87;13;56;48;1010249.2
3.93;4.026331;-6.894795;-5.335374;20.65;-3.884484;6.940132;-5.139811;19.69;1.011958;23.19;40.6458;-0.383;-19.0958;25.01;24.56;23.10;13554;44.658962;-1.194616;56.30;1.87;13;56;48;1010249.2
3.93;1.867254;-6.799680;-4.796066;20.65;-1.926755;6.863472;-4.858462;19.69;1.011933;23.19;24.9292;-0.067;-15.7042;25.06;24.57;23.08;14062;44.658962;-1.194621;56.80;1.87;13;56;49;1010249.2
3.93;5.198016;-7.453604;-4.919958;20.17;-4.991779;7.460886;-4.778111;19.69;1.011933;23.19;25.6125;-0.233;-11.5208;25.05;24.58;23.08;14571;44.658962;-1.194621;56.80;1.87;13;56;49;1010249.2
3.93;5.066223;-6.862225;-5.783111;20.17;-5.001455;6.892280;-5.597016;19.69;1.011938;23.19;23.0625;-0.117;-13.5375;25.05;24.58;23.10;15075;44.658962;-1.194614;55.90;1.87;13;56;50;1010249.2
3.92;5.141507;-6.424863;-5.959820;20.17;-5.091581;6.447906;-5.773433;19.69;1.011934;23.18;24.8458;-0.050;-16.6708;25.01;24.56;23.11;15578;44.658962;-1.194614;55.90;1.87;13;56;50;1010249.2
3.93;4.290524;-6.518331;-6.200670;20.65;-4.204089;6.525213;-6.015981;19.69;1.011923;23.18;25.1583;-0.050;-18.5458;25.03;24.61;23.08;16082;44.658966;-1.194608;56.20;1.87;13;56;51;1010249.2
3.93;4.321547;-6.758255;-5.386169;20.65;-4.247331;6.754920;-5.181650;19.69;1.011914;23.18;8.8167;0.200;-9.5208;25.04;24.58;23.08;16583;44.658966;-1.194608;56.20;1.87;13;56;51;1010249.2
3.93;3.463432;-7.101380;-4.479354;20.17;-3.366822;7.092303;-4.282196;19.69;1.011917;23.18;3.7000;0.167;-3.6375;25.05;24.58;23.07;17089;44.658974;-1.194605;57.00;1.87;13;56;52;1010249.2
3.93;4.113165;-7.050806;-5.623857;20.17;-4.010421;7.051853;-5.452682;19.69;1.011915;23.18;5.6792;0.183;-4.7042;25.05;24.58;23.02;17595;44.658974;-1.194605;57.00;1.87;13;56;52;1010249.2
3.94;4.251970;-7.134448;-5.205348;20.17;-3.892664;7.139884;-4.966342;19.69;1.011911;23.17;2.8083;0.150;-3.0917;24.99;24.58;23.04;18101;44.658985;-1.194604;57.10;1.87;13;56;53;1010249.2
3.93;3.557498;-7.149511;-5.364502;20.17;-3.484630;7.144273;-5.247443;19.69;1.011907;23.17;8.1125;0.133;-5.2667;25.00;24.60;23.08;18609;44.658985;-1.194604;57.10;1.87;13;56;53;1010249.2
3.93;4.390803;-7.219707;-6.013579;20.17;-4.339972;7.213422;-5.789523;19.69;1.011904;23.17;10.6042;0.150;-8.8208;25.01;24.58;23.08;19114;44.658981;-1.194603;57.00;1.87;13;56;54;1010249.2
3.93;4.688933;-6.989459;-5.471934;20.17;-4.591923;7.026566;-5.198165;19.69;1.011893;23.17;12.0042;0.150;-10.5250;24.98;24.55;23.10;19615;44.658981;-1.194603;57.00;0.00;13;56;54;1010249.2
3.93;4.246234;-7.151305;-5.143950;20.65;-4.043339;7.136642;-4.954821;19.69;1.011882;23.17;19.9208;0.067;-18.4417;25.01;24.58;23.07;20118;44.658981;-1.194602;56.90;0.00;13;56;55;1010249.2
3.93;3.423631;-7.238738;-5.647896;20.65;-3.335301;7.232704;-5.484104;19.69;1.011871;23.16;20.2000;0.033;-18.4292;24.98;24.56;23.08;20623;44.658981;-1.194602;56.90;0.00;13;56;55;1010249.2
3.92;3.396748;-7.371907;-4.746439;20.17;-3.350214;7.370609;-4.813772;19.69;1.011870;23.16;15.4958;0.100;-14.4167;24.98;24.54;23.06;21129;44.658981;-1.194602;57.00;0.00;13;56;56;1010249.2
3.93;3.514007;-7.548666;-4.798360;20.17;-3.454903;7.513704;-4.437308;19.69;1.011862;23.16;16.7250;0.083;-15.0333;24.95;24.56;23.08;21632;44.658981;-1.194602;57.00;0.00;13;56;56;1010249.2
3.93;3.206222;-7.439987;-5.773834;20.17;-3.089113;7.433752;-5.529541;19.69;1.011855;23.16;18.3833;0.017;-15.1750;25.00;24.57;23.09;22136;44.658978;-1.194602;57.00;0.00;13;56;57;1010249.2
3.94;3.449666;-7.353203;-5.291883;20.17;-3.306073;7.364225;-5.249338;19.69;1.011849;23.16;17.1083;0.050;-15.3333;24.98;24.55;23.09;22640;44.658978;-1.194602;57.00;0.00;13;56;57;1010249.2
3.93;3.386474;-7.349462;-5.529890;20.65;-3.293804;7.340885;-5.415076;19.69;1.011848;23.15;24.3458;-0.083;-17.4458;24.97;24.54;23.03;23141;44.658970;-1.194604;57.00;0.00;13;56;58;1010249.2
3.92;2.863824;-7.298788;-5.882513;20.17;-2.831305;7.268814;-5.652784;19.69;1.011841;23.15;30.0417;-0.183;-20.1917;24.94;24.57;23.08;23647;44.658970;-1.194604;57.00;2.72;13;56;58;1010249.2
3.94;2.509299;-7.434658;-4.470276;20.17;-2.421745;7.410332;-4.327960;19.69;1.011837;23.15;23.7458;-0.150;-13.0167;24.97;24.59;23.07;24148;44.658962;-1.194607;57.10;2.72;13;56;59;1010249.2
3.93;3.104725;-7.706474;-4.574268;20.17;-2.982928;7.692808;-4.388879;19.69;1.011852;23.15;21.0708;-0.217;-9.9625;24.99;24.55;23.05;24657;44.658962;-1.194607;57.10;3.37;13;56;59;1010249.2
3.92;4.724473;-7.826084;-5.204735;20.17;-4.637646;7.833437;-5.008423;19.69;1.011867;23.15;24.5375;-0.267;-11.9167;24.96;24.56;23.04;25166;44.658962;-1.194605;57.20;3.37;13;57;0;1010249.2
3.92;5.414377;-7.238638;-6.699230;20.17;-5.263653;7.238637;-6.495388;19.69;1.011873;23.15;32.1083;-0.367;-14.1000;24.93;24.53;23.07;25666;44.658962;-1.194605;57.20;0.00;13;57;0;1010249.2
3.92;4.208777;-6.585114;-4.988338;20.17;-4.088027;6.596886;-4.802450;19.69;1.011862;23.14;29.2042;-0.167;-18.4708;24.93;24.58;23.01;26175;44.658962;-1.194605;57.30;0.00;13;57;1;1010249.2
3.93;3.232001;-7.155282;-5.175066;20.17;-3.185360;7.152673;-5.016845;19.69;1.011859;23.14;29.1125;-0.300;-11.6667;24.97;24.53;23.02;26680;44.658962;-1.194605;57.30;0.00;13;57;1;1010249.2
3.93;3.921343;-7.245670;-5.220860;20.17;-3.808124;7.228913;-4.944497;19.69;1.011864;23.14;22.6583;-0.083;-14.6375;24.91;24.57;23.03;27186;44.658962;-1.194605;57.40;0.00;13;57;2;1010249.2
3.92;5.030682;-7.270508;-5.120110;20.17;-5.013125;7.292154;-5.048787;19.69;1.011860;23.14;22.3125;-0.050;-16.8458;24.94;24.55;23.03;27694;44.658962;-1.194605;57.40;0.00;13;57;2;1010249.2
3.92;3.896854;-7.032650;-5.137467;20.17;-3.883337;7.106816;-5.091332;19.69;1.011855;23.14;25.6333;-0.117;-17.2250;24.94;24.56;23.04;28200;44.658962;-1.194605;57.40;0.00;13;57;2;1010249.2
3.93;3.995508;-7.274050;-5.822910;20.17;-4.066680;7.312305;-5.441161;19.69;1.011846;23.14;24.6583;-0.050;-20.1083;24.93;24.56;23.05;28706;44.658958;-1.194605;57.40;0.00;13;57;3;1010249.2
3.93;4.736714;-7.135844;-3.734508;20.17;-4.404690;7.162428;-3.814110;19.69;1.011847;23.14;15.2542;0.083;-14.2583;24.90;24.57;23.02;29214;44.658958;-1.194605;57.40;0.00;13;57;3;1010249.2
3.93;3.515103;-7.496696;-5.690839;20.17;-3.370713;7.506173;-5.591137;19.69;1.011842;23.14;23.7125;-0.083;-18.4542;24.93;24.53;23.06;29720;44.658958;-1.194604;57.40;0.00;13;57;4;1010249.2
3.93;3.785531;-7.355897;-4.089723;20.17;-3.930969;7.364525;-3.834010;19.69;1.011844;23.13;20.4042;-0.017;-17.1583;24.94;24.55;23.00;30226;44.658958;-1.194604;57.40;0.00;13;57;4;1010249.2
3.93;3.910869;-7.642434;-4.911230;20.17;-3.756753;7.615152;-4.737013;19.69;1.011852;23.13;12.1333;0.067;-9.5708;24.94;24.55;23.00;30735;44.658958;-1.194603;57.40;0.00;13;57;5;1010249.2
3.92;2.948713;-7.256893;-6.794095;20.17;-2.388557;7.199785;-6.493542;19.69;1.011856;23.13;15.2833;0.083;-12.8167;24.92;24.59;23.05;31241;44.658958;-1.194603;57.40;0.00;13;57;5;1010249.2
3.93;3.647674;-7.378391;-5.902114;20.17;-3.537099;7.361283;-5.639268;19.69;1.011851;23.13;19.2625;0.100;-19.1917;24.97;24.55;23.05;31750;44.658958;-1.194603;57.40;0.00;13;57;6;1010249.2
3.93;3.526553;-7.215431;-4.764445;20.17;-3.413906;7.221203;-4.625504;19.69;1.011836;23.13;34.3750;-0.350;-20.7417;24.92;24.55;23.07;32255;44.658958;-1.194603;57.40;0.00;13;57;6;1010249.2
3.93;-0.004190;-7.444875;-4.272519;20.17;0.068629;7.386072;-4.073664;19.69;1.011835;23.13;22.1750;-0.233;-8.3500;24.92;24.58;23.06;32762;44.658958;-1.194603;57.40;0.00;13;57;7;1010249.2
3.93;4.906791;-7.622932;-4.878561;20.17;-4.826540;7.629966;-4.705991;19.69;1.011860;23.13;12.6250;-0.017;-5.1208;24.92;24.56;23.06;33270;44.658958;-1.194603;57.40;0.00;13;57;7;1010249.2
3.94;7.003773;-8.072029;-3.771130;20.17;-6.906344;8.131538;-3.527622;19.69;1.011886;23.12;19.7500;-0.183;-8.2875;24.92;24.56;23.03;33775;44.658958;-1.194603;57.40;0.00;13;57;8;1010249.2
3.92;6.751699;-7.758394;-4.390226;20.17;-6.545562;7.717447;-4.082242;19.69;1.011900;23.13;26.0958;-0.300;-10.8583;24.95;24.56;23.03;34282;44.658958;-1.194603;57.40;0.00;13;57;8;1010249.2
3.93;5.658421;-5.758671;-4.027529;20.17;-5.821864;5.796627;-4.108926;19.69;1.011894;23.12;25.4958;-0.200;2.1250;24.94;24.53;23.04;34791;44.658966;-1.194587;57.40;6.85;13;57;9;1010249.2
3.93;2.487610;-6.854644;-5.535028;20.17;-3.230362;6.940930;-5.735678;19.69;1.011893;23.12;13.8625;0.083;-9.8000;24.93;24.56;23.02;35293;44.658966;-1.194587;57.40;6.85;13;57;9;1010249.2
3.93;2.970459;-7.136193;-7.035544;20.17;-2.634994;7.147514;-6.489303;19.69;1.011862;23.12;34.4875;-0.183;-24.5417;24.93;24.58;23.10;35802;44.658966;-1.194582;57.40;4.28;13;57;10;1010249.2
3.93;2.173093;-7.478590;-5.008986;20.17;-2.287259;7.434551;-4.397558;19.69;1.011848;23.12;25.1042;-0.100;-18.4125;24.90;24.55;23.08;36305;44.658966;-1.194582;57.40;4.28;13;57;10;1010249.2
3.93;1.258469;-7.653854;-5.061007;20.17;-1.470192;7.605725;-4.424390;19.69;1.011832;23.12;28.2042;-0.350;-10.3292;24.93;24.57;23.07;36814;44.658966;-1.194591;57.40;3.07;13;57;11;1010249.2
3.93;3.137593;-7.672209;-3.750867;20.17;-2.936443;7.635101;-3.955956;19.69;1.011832;23.12;15.3667;0.033;-13.5833;24.93;24.58;23.06;37315;44.658966;-1.194591;57.40;3.07;13;57;11;1010249.2
3.93;2.332396;-7.306868;-6.236233;20.17;-2.165761;7.330659;-5.998024;19.69;1.011847;23.12;26.1542;-0.283;-9.4667;24.96;24.56;23.10;37824;44.658958;-1.194600;57.40;3.56;13;57;12;1010249.2
3.93;2.883874;-6.732748;-6.529453;20.17;-3.072455;6.734392;-6.142664;19.69;1.011859;23.12;34.5708;-0.400;-10.9375;24.93;24.58;23.06;38333;44.658958;-1.194600;57.40;3.56;13;57;12;1010249.2
3.93;2.946518;-6.647608;-6.536335;20.17;-2.861580;6.657934;-6.253540;19.69;1.011874;23.12;34.2417;-0.367;-12.2917;24.92;24.57;23.08;38835;44.658943;-1.194604;57.60;3.93;13;57;14;1010249.2
3.93;1.966208;-6.417681;-7.086218;20.17;-1.962068;6.375636;-6.856987;19.69;1.011907;23.12;31.4500;-0.400;-8.4750;24.93;24.58;23.07;39344;44.658943;-1.194604;57.60;3.93;13;57;14;1010249.2
3.93;2.939835;-6.714045;-8.238201;20.17;-3.232706;6.614641;-7.799642;19.69;1.011935;23.12;31.9833;-0.433;-10.3750;24.93;24.58;23.09;39853;44.658932;-1.194608;57.10;4.57;13;57;15;1010249.2
3.93;3.524181;-6.471846;-6.201169;20.17;-3.414205;6.463816;-6.021965;19.20;1.011950;23.12;35.6083;-0.500;-10.5417;24.94;24.57;23.08;40356;44.658932;-1.194608;57.10;4.57;13;57;15;1010249.2
3.93;3.931275;-6.555019;-7.757940;20.17;-3.856674;6.558395;-7.578258;19.69;1.011954;23.12;40.0167;-0.600;-8.9000;24.90;24.56;23.03;40864;44.658932;-1.194609;57.10;4.57;13;57;16;1010249.2
3.92;3.459043;-6.413142;-6.897886;20.17;-3.371411;6.418379;-6.686312;19.20;1.011954;23.12;34.0917;-0.367;-16.8875;24.91;24.58;23.10;41367;44.658932;-1.194609;57.10;4.57;13;57;16;1010249.2
3.93;4.802700;-6.492795;-5.652236;20.17;-4.730679;6.494390;-5.422009;19.69;1.011938;23.11;29.3042;-0.167;-21.7167;24.91;24.58;23.08;41875;44.658932;-1.194609;57.10;4.57;13;57;17;1010249.2
3.93;3.818848;-6.869407;-5.406497;20.65;-3.801042;6.835841;-5.120708;19.69;1.011914;23.11;27.0292;-0.133;-17.1333;24.94;24.58;23.10;42384;44.658932;-1.194609;57.10;4.57;13;57;17;1010249.2
3.93;4.495963;-6.713245;-5.278915;20.17;-4.482397;6.723271;-4.817362;19.69;1.011891;23.11;29.0000;-0.100;-22.0500;24.94;24.54;23.08;42886;44.658947;-1.194604;57.50;4.57;13;57;18;1010249.2
3.93;4.480195;-7.052039;-4.996026;20.17;-4.190900;7.057724;-5.058869;19.69;1.011869;23.11;11.1542;0.300;-14.7208;24.94;24.55;23.09;43394;44.658947;-1.194604;57.50;4.57;13;57;18;1010249.2
3.91;4.152817;-7.216094;-3.752064;20.17;-4.257756;7.218539;-3.760742;19.69;1.011845;23.11;23.5750;0.033;-20.1292;24.92;24.57;23.08;43902;44.658962;-1.194600;57.90;4.57;13;57;19;1010249.2
3.93;4.260599;-7.296443;-4.516013;20.17;-4.159350;7.293751;-4.188427;19.69;1.011835;23.11;14.2083;0.200;-13.7250;24.92;24.57;23.07;44402;44.658962;-1.194600;57.90;4.57;13;57;19;1010249.2
3.91;4.098352;-7.366470;-4.539754;20.17;-3.960944;7.390112;-4.478257;19.69;1.011827;23.11;10.4625;0.233;-9.9875;24.94;24.58;23.08;44911;44.658978;-1.194597;58.00;4.57;13;57;20;1010249.2
3.93;4.319203;-7.486123;-5.208241;20.17;-4.181645;7.478790;-4.932627;19.69;1.011831;23.11;10.4167;0.217;-11.3750;24.90;24.58;23.10;45420;44.658978;-1.194597;58.00;4.57;13;57;20;1010249.2
3.93;3.981692;-7.519489;-5.291584;20.17;-3.766628;7.521036;-5.131032;19.69;1.011833;23.10;13.6125;0.167;-14.0917;24.92;24.56;23.08;45920;44.658978;-1.194597;58.10;4.57;13;57;21;1010249.2
3.93;3.970222;-7.397243;-4.790280;20.17;-3.884734;7.387020;-4.656514;19.69;1.011828;23.10;20.7708;0.067;-19.2333;24.93;24.56;23.10;46427;44.658978;-1.194597;58.10;4.57;13;57;21;1010249.2
3.93;3.921991;-7.415150;-5.069336;20.17;-3.665929;7.399289;-4.706738;19.69;1.011815;23.10;28.6333;-0.033;-24.4250;24.90;24.57;23.10;46929;44.658978;-1.194597;58.20;4.57;13;57;22;1010249.2
3.94;3.571413;-7.356695;-5.119262;20.17;-3.446275;7.356196;-4.935520;19.69;1.011808;23.10;31.8875;-0.117;-24.9125;24.92;24.58;23.10;47429;44.658978;-1.194597;58.20;4.57;13;57;22;1010249.2
3.92;3.324179;-7.386818;-5.323255;20.17;-3.223628;7.367617;-5.120259;19.20;1.011798;23.10;33.5667;-0.217;-21.9417;24.90;24.58;23.08;47937;44.658978;-1.194597;58.30;4.57;13;57;23;1010249.2
3.92;3.003327;-7.352206;-5.653831;20.17;-3.122380;7.274599;-5.382258;19.69;1.011792;23.09;35.5375;-0.267;-21.8208;24.93;24.57;23.12;48440;44.658978;-1.194597;58.30;4.57;13;57;23;1010249.2
3.93;3.055298;-7.362031;-6.013986;20.17;-2.973252;7.348814;-5.823360;19.69;1.011795;23.09;37.9792;-0.350;-20.7917;24.93;24.57;23.09;48949;44.658966;-1.194600;58.20;4.57;13;57;24;1010249.2
3.93;3.029020;-7.319275;-6.120585;20.17;-2.927017;7.304354;-5.941372;19.69;1.011802;23.09;35.3250;-0.350;-20.0875;24.92;24.55;23.08;49458;44.658966;-1.194600;58.20;4.57;13;57;24;1010249.2
3.93;1.995086;-7.237392;-3.959547;20.17;-1.925409;7.209113;-3.794857;19.69;1.011812;23.09;31.2667;-0.400;-8.1083;24.90;24.55;23.04;49961;44.658958;-1.194603;58.30;4.57;13;57;25;1010249.2
3.94;3.402783;-7.728420;-5.901117;20.17;-3.393756;7.729965;-5.638870;19.69;1.011833;23.09;27.1542;-0.250;-13.9375;24.90;24.56;23.11;50470;44.658958;-1.194603;58.30;4.57;13;57;25;1010249.2
3.93;5.184201;-7.580488;-5.063701;20.17;-5.178565;7.543679;-4.548132;19.69;1.011851;23.09;29.9917;-0.233;-19.1292;24.91;24.56;23.08;50971;44.658955;-1.194597;57.90;4.57;13;57;26;1010249.2
3.92;4.969984;-6.889057;-5.954184;20.17;-4.684544;6.838933;-5.732736;19.69;1.011860;23.09;35.2000;-0.333;-18.4458;24.95;24.56;23.05;51471;44.658955;-1.194597;57.90;4.57;13;57;26;1010249.2
3.93;4.433817;-6.907612;-5.775978;20.17;-4.425937;6.934895;-5.468892;19.69;1.011858;23.09;28.1542;-0.033;-23.7500;24.89;24.58;23.05;51979;44.658958;-1.194595;57.90;4.57;13;57;27;1010249.2
3.93;4.110023;-7.112601;-4.647985;20.17;-4.201695;7.060032;-4.379253;19.69;1.011848;23.09;24.5708;0.000;-18.8958;24.90;24.59;23.08;52482;44.658958;-1.194595;57.90;4.57;13;57;27;1010249.2
3.92;2.905421;-7.280084;-5.065944;20.17;-3.071707;7.217441;-4.863200;19.69;1.011844;23.09;24.4125;0.033;-21.2500;24.84;24.61;23.06;52991;44.658962;-1.194595;58.30;4.57;13;57;28;1010249.2
3.93;3.353206;-7.430809;-5.648994;20.17;-3.364179;7.400634;-5.537372;19.69;1.011843;23.09;17.3583;0.200;-18.3458;24.87;24.58;23.08;53500;44.658962;-1.194595;58.30;4.57;13;57;28;1010249.2
3.93;3.653759;-7.201880;-5.183153;20.17;-3.528321;7.212752;-4.555416;19.69;1.011840;23.09;25.2375;0.050;-23.4083;24.90;24.56;23.08;54001;44.658966;-1.194595;58.30;4.57;13;57;29;1010249.2
3.92;5.294027;-7.565076;-4.404989;20.17;-5.292081;7.555500;-4.600952;19.69;1.011840;23.09;28.1667;0.033;-26.7167;24.92;24.59;23.08;54510;44.658966;-1.194595;58.30;4.57;13;57;29;1010249.2
3.93;3.412608;-7.283526;-4.975171;20.17;-3.247719;7.262877;-4.884196;19.69;1.011834;23.08;39.6750;-0.233;-24.7833;24.92;24.59;23.08;55018;44.658966;-1.194595;58.40;4.57;13;57;30;1010249.2
3.93;4.365587;-7.526471;-4.739906;20.17;-4.096058;7.272154;-4.329577;19.20;1.011838;23.08;29.0000;0.000;-26.4542;24.92;24.58;23.06;55521;44.658966;-1.194595;58.40;4.57;13;57;30;1010249.2
3.93;3.970869;-7.403925;-4.348729;20.17;-3.931318;7.356745;-4.067628;19.69;1.011840;23.08;33.6417;-0.083;-27.5542;24.92;24.58;23.06;56027;44.658966;-1.194596;58.40;4.57;13;57;31;1010249.2
3.92;2.174489;-9.386544;-2.550154;20.17;-2.078478;9.322902;-2.422522;19.20;1.011846;23.08;29.8125;-0.183;-21.1417;24.92;24.56;23.06;56529;44.658966;-1.194596;58.40;4.57;13;57;31;1010249.2
3.93;1.221012;-7.635701;-5.513181;20.17;-2.069301;8.102139;-4.897164;19.69;1.011872;23.08;13.7375;0.133;-14.1958;24.92;24.56;23.08;57035;44.658966;-1.194596;58.40;4.57;13;57;32;1010249.2
3.92;1.936532;-8.004632;-5.168988;20.17;-1.846156;7.995805;-4.893524;19.20;1.011902;23.08;27.4708;-0.100;-20.6167;24.87;24.59;23.08;57535;44.658966;-1.194596;58.40;4.57;13;57;32;1010249.2
3.93;3.240295;-7.606259;-4.214413;20.17;-3.173218;7.587663;-4.124381;19.69;1.011932;23.07;36.9250;-0.350;-16.2250;24.87;24.57;23.07;58043;44.658966;-1.194591;57.70;4.57;13;57;33;1010249.2
3.91;2.532598;-8.153911;-4.734469;20.17;-2.292645;8.103088;-4.445937;19.69;1.011965;23.07;29.6333;-0.200;-21.0333;24.87;24.58;23.07;58544;44.658966;-1.194591;57.70;4.57;13;57;33;1010249.2
3.93;3.200087;-7.940341;-4.204039;20.17;-2.984823;7.942486;-4.101146;19.69;1.011995;23.07;34.3792;-0.383;-18.5250;24.92;24.60;23.09;59050;44.658966;-1.194587;56.90;4.57;13;57;34;1010249.2
3.93;2.612414;-8.203787;-3.311432;20.17;-2.647983;8.183778;-3.573066;19.69;1.012034;23.07;29.6708;-0.283;-21.1292;24.90;24.58;23.06;59552;44.658966;-1.194587;56.90;4.57;13;57;34;1010249.2
3.92;3.305325;-7.980642;-5.801813;20.17;-3.895507;7.919195;-4.332221;19.69;1.012078;23.07;32.6750;-0.383;-9.9583;24.88;24.57;23.08;60059;44.658962;-1.194582;56.00;4.57;13;57;35;1010249.2
3.92;1.298669;-7.936052;-4.828535;20.17;-0.898714;7.845828;-5.875081;19.20;1.012127;23.07;5.9542;0.050;-3.6292;24.92;24.59;23.04;60560;44.658962;-1.194582;56.00;4.57;13;57;35;1010249.2
3.93;4.822450;-8.054460;-5.386347;20.17;-4.794620;7.833209;-5.148489;19.69;1.012162;23.07;29.1458;-0.183;-17.3333;24.91;24.59;23.07;61064;44.658962;-1.194574;55.30;4.57;13;57;36;1010249.2
3.93;4.093914;-7.209610;-4.797862;20.17;-4.194015;7.041180;-4.780804;19.69;1.012190;23.07;31.9708;-0.150;-21.3875;24.90;24.59;23.05;61573;44.658962;-1.194574;55.30;4.57;13;57;36;1010249.2
3.92;4.492821;-6.969608;-3.114201;20.17;-4.238254;6.940481;-2.464517;19.20;1.012210;23.07;35.6875;-0.183;-21.0417;24.92;24.59;23.04;62082;44.658966;-1.194566;54.90;4.57;13;57;37;1010249.2
3.92;4.629430;-8.575711;-4.350026;20.17;-4.692624;8.318900;-3.865032;19.69;1.012245;23.06;15.7042;0.217;-17.9500;24.93;24.58;23.03;62582;44.658966;-1.194566;54.90;4.57;13;57;37;1010249.2
3.93;3.578496;-7.671112;-3.357845;20.17;-3.772862;7.521734;-3.282532;19.69;1.012283;23.06;4.7542;0.050;-3.3417;24.89;24.58;23.08;63088;44.658974;-1.194563;54.50;4.57;13;57;38;1010249.2
3.93;4.263591;-8.047525;-3.254003;20.17;-4.005084;8.048872;-3.285075;19.69;1.012327;23.06;5.0083;0.117;-3.9958;24.90;24.58;23.08;63590;44.658974;-1.194563;54.50;4.57;13;57;38;1010249.2
3.93;2.697388;-7.917050;-5.917675;20.17;-2.743324;7.826973;-5.602359;19.20;1.012359;23.06;0.7500;0.050;-0.4333;24.90;24.58;23.07;64093;44.658978;-1.194560;53.90;4.57;13;57;39;1010249.2
3.93;4.299801;-7.396795;-2.978089;20.17;-3.721490;7.071704;-3.072405;19.20;1.012389;23.06;7.7083;0.083;-6.7042;24.87;24.58;23.08;64602;44.658978;-1.194560;53.90;4.57;13;57;39;1010249.2
3.93;2.503770;-7.873509;-4.558957;20.17;-2.549855;7.819593;-4.452023;19.20;1.012415;23.06;23.8208;-0.250;-3.1500;24.91;24.58;23.09;65102;44.658974;-1.194557;53.40;4.57;13;57;40;1010249.2
3.92;2.366426;-7.939715;-4.031740;20.17;-2.210984;7.952027;-3.744369;19.69;1.012450;23.05;3.3000;0.050;-3.5375;24.86;24.58;23.10;65611;44.658974;-1.194557;53.40;4.57;13;57;40;1010249.2
3.93;2.647662;-7.249462;-5.334826;20.17;-2.664969;7.192204;-5.276721;19.20;1.012488;23.05;31.6250;-6.300;-6.9917;24.91;24.61;23.09;66112;44.658966;-1.194558;52.90;4.57;13;57;41;1010249.2
3.93;2.354791;-7.483879;-6.782273;20.17;-2.372447;7.520537;-6.586811;19.69;1.012521;23.05;26.7625;-5.067;-6.5458;24.88;24.58;23.05;66619;44.658966;-1.194558;52.90;4.57;13;57;41;1010249.2
3.92;1.294429;-6.802822;-6.918535;20.17;-1.755981;6.842225;-6.544565;19.20;1.012564;23.05;23.9792;-2.767;-14.8375;24.92;24.59;23.07;67124;44.658958;-1.194554;52.10;4.57;13;57;42;1010249.2
3.92;2.065460;-6.557882;-7.011055;20.17;-1.775731;6.616836;-6.680975;19.69;1.012602;23.05;25.1500;-1.017;-8.9750;24.89;24.55;23.05;67626;44.658958;-1.194554;52.10;4.57;13;57;42;1010249.2
3.92;0.765495;-6.444315;-7.086367;20.17;-0.794772;6.384513;-6.989806;19.69;1.012637;23.05;20.8417;-0.567;-10.0833;24.88;24.59;23.08;68130;44.658951;-1.194551;51.20;4.57;13;57;43;1010249.2
3.92;5.157766;-6.104311;-6.650751;20.17;-4.478306;6.173689;-6.047851;19.20;1.012660;23.05;27.9792;-0.650;-6.6958;24.91;24.54;23.07;68639;44.658951;-1.194551;51.20;4.57;13;57;43;1010249.2
3.93;1.629096;-7.664379;-4.469429;20.17;-2.078727;7.573055;-4.614318;19.69;1.012684;23.04;19.3167;-1.750;-8.8833;24.90;24.58;23.07;69148;44.658951;-1.194549;51.20;4.57;13;57;44;1010249.2
3.92;3.210511;-7.207515;-5.606350;20.17;-3.728772;7.139285;-5.703408;19.20;1.012714;23.04;9.6042;0.633;-7.3917;24.87;24.58;23.08;69657;44.658951;-1.194549;51.20;0.00;13;57;44;1010249.2
3.91;1.795732;-7.880541;-5.114872;20.17;-2.068802;7.712260;-4.734320;19.20;1.012739;23.04;7.4500;0.833;-3.8833;24.87;24.59;23.07;70163;44.658951;-1.194548;51.20;0.00;13;57;45;1010249.2
3.92;2.094837;-8.058298;-5.356022;20.17;-2.022667;8.114259;-5.204400;19.69;1.012761;23.04;0.1792;0.433;-0.3750;24.87;24.57;23.06;70671;44.658951;-1.194548;51.20;0.00;13;57;45;1010249.2
3.92;3.012604;-8.439448;-5.105048;20.17;-2.908014;8.492369;-4.902700;19.20;1.012785;23.04;0.7625;0.617;-2.2083;24.87;24.58;23.11;71175;44.658951;-1.194547;51.20;0.00;13;57;46;1010249.2
3.93;3.418095;-7.281283;-5.824557;20.17;-2.851654;7.532406;-5.621013;19.20;1.012777;23.04;0.5292;0.433;-2.3958;24.87;24.59;23.11;71684;44.658951;-1.194547;51.20;0.00;13;57;46;1010249.2
3.92;-1.935783;-7.732559;-5.105247;20.17;2.014188;7.680789;-4.928686;19.69;1.012774;23.04;0.7458;0.300;2.0792;24.86;24.61;23.09;72189;44.658955;-1.194547;51.20;0.00;13;57;47;1010249.2
3.92;-2.979130;-8.552803;-4.923221;20.17;3.000078;8.451015;-4.699849;19.20;1.012771;23.04;0.5250;-0.200;1.3417;24.87;24.53;23.10;72694;44.658955;-1.194547;51.20;0.00;13;57;47;1010249.2
3.93;-1.595630;-7.809218;-5.277867;20.17;1.690643;7.740589;-5.126295;19.69;1.012763;23.04;-0.2250;0.617;3.3125;24.88;24.52;23.10;73194;44.658955;-1.194547;51.20;0.00;13;57;47;1010249.2
3.92;0.414369;-7.779593;-5.486399;20.17;-0.460654;7.711512;-5.298865;19.20;1.012764;23.03;0.2417;0.200;0.8708;24.87;24.59;23.10;73699;44.658955;-1.194547;51.20;0.00;13;57;48;1010249.2
